0,20:37:13.634333,[ 2394,4052,5000,5000,5000 ]
1,20:37:13.655337,[ 2394,4052,5000,5000,5000 ]
2,20:37:13.668340,[ 2394,4052,5000,5000,5000 ]
3,20:37:13.681343,[ 2394,4052,5000,5000,5000 ]
4,20:37:13.695346,[ 2394,4052,5000,5000,5000 ]
5,20:37:13.708396,[ 2394,4052,5000,5000,5000 ]
6,20:37:13.722399,[ 2394,4052,5000,5000,5000 ]
7,20:37:13.734404,[ 2394,4052,5000,5000,5000 ]
8,20:37:13.747818,[ 2394,4052,5000,5000,5000 ]
9,20:37:13.762049,[ 2394,4052,5000,5000,5000 ]
10,20:37:13.775052,[ 2394,4052,5000,5000,5000 ]
11,20:37:13.788014,[ 2394,4052,5000,5000,5000 ]
12,20:37:13.801040,[ 2394,4052,5000,5000,5000 ]
13,20:37:13.814770,[ 2394,4052,5000,5000,5000 ]
14,20:37:13.827773,[ 2394,4052,5000,5000,5000 ]
15,20:37:13.840776,[ 2394,4052,5000,5000,5000 ]
16,20:37:13.854779,[ 2394,4052,5000,5000,5000 ]
17,20:37:13.867786,[ 2394,4052,5000,5000,5000 ]
18,20:37:13.881805,[ 2394,4052,5000,5000,5000 ]
19,20:37:13.894618,[ 2394,4052,5000,5000,5000 ]
20,20:37:13.910622,[ 2394,4052,5000,5000,5000 ]
21,20:37:13.926625,[ 2394,4052,5000,5000,5000 ]
22,20:37:13.942628,[ 2394,4052,5000,5000,5000 ]
23,20:37:13.954862,[ 2394,4052,5000,5000,5000 ]
24,20:37:13.968865,[ 2394,4052,5000,5000,5000 ]
25,20:37:13.980867,[ 2394,4052,5000,5000,5000 ]
26,20:37:13.994871,[ 2394,4052,5000,5000,5000 ]
27,20:37:14.008880,[ 2394,4052,5000,5000,5000 ]
28,20:37:14.021088,[ 2394,4052,5000,5000,5000 ]
29,20:37:14.034913,[ 2394,4052,5000,5000,5000 ]
30,20:37:14.048925,[ 2394,4052,5000,5000,5000 ]
31,20:37:14.061853,[ 2394,4052,5000,5000,5000 ]
32,20:37:14.075855,[ 2394,4052,5000,5000,5000 ]
33,20:37:14.088451,[ 2394,4052,5000,5000,5000 ]
34,20:37:14.101905,[ 2394,4052,5000,5000,5000 ]
35,20:37:14.114871,[ 2394,4052,5000,5000,5000 ]
36,20:37:14.129235,[ 2394,4052,5000,5000,5000 ]
37,20:37:14.141902,[ 2394,4052,5000,5000,5000 ]
38,20:37:14.155461,[ 2394,4052,5000,5000,5000 ]
39,20:37:14.168464,[ 2394,4052,5000,5000,5000 ]
40,20:37:14.182467,[ 2394,4052,5000,5000,5000 ]
41,20:37:14.195470,[ 2394,4052,5000,5000,5000 ]
42,20:37:14.209474,[ 2394,4052,5000,5000,5000 ]
43,20:37:14.229478,[ 2394,4052,5000,5000,5000 ]
44,20:37:14.246482,[ 737,1417,5000,5000,5000 ]
45,20:37:14.265487,[ 737,1408,5000,5000,5000 ]
46,20:37:14.281488,[ 737,1408,5000,5000,5000 ]
47,20:37:14.299494,[ 2394,1381,5000,5000,5000 ]
48,20:37:14.330650,[ 2394,1381,5000,5000,5000 ]
49,20:37:14.350655,[ 2394,1381,5000,5000,5000 ]
50,20:37:14.367659,[ 2394,1368,5000,5000,5000 ]
51,20:37:14.382662,[ 2394,1368,5000,5000,5000 ]
52,20:37:14.396666,[ 2394,1368,5000,5000,5000 ]
53,20:37:14.408668,[ 2394,1368,5000,5000,5000 ]
54,20:37:14.421671,[ 2394,1368,5000,5000,5000 ]
55,20:37:14.437675,[ 2394,4051,5000,5000,5000 ]
56,20:37:14.452679,[ 2394,4051,5000,5000,5000 ]
57,20:37:14.464681,[ 2394,4051,5000,5000,5000 ]
58,20:37:14.477684,[ 2394,4051,5000,5000,5000 ]
59,20:37:14.490687,[ 2394,4051,5000,5000,5000 ]
60,20:37:14.508691,[ 2394,4051,5000,5000,5000 ]
61,20:37:14.522200,[ 2394,4051,5000,5000,5000 ]
62,20:37:14.536205,[ 2394,4051,5000,5000,5000 ]
63,20:37:14.553208,[ 2394,4051,5000,5000,5000 ]
64,20:37:14.567212,[ 2394,4051,5000,5000,5000 ]
65,20:37:14.587216,[ 2394,4051,5000,5000,5000 ]
66,20:37:14.603220,[ 2394,4051,5000,5000,5000 ]
67,20:37:14.619223,[ 2394,4050,5000,5000,5000 ]
68,20:37:14.633226,[ 2394,4050,5000,5000,5000 ]
69,20:37:14.647230,[ 2394,4040,5000,5000,5000 ]
70,20:37:14.663233,[ 2394,4040,5000,5000,5000 ]
71,20:37:14.681237,[ 2394,4052,5000,5000,5000 ]
72,20:37:14.696241,[ 2394,4052,5000,5000,5000 ]
73,20:37:14.713244,[ 2394,4052,5000,5000,5000 ]
74,20:37:14.734249,[ 2394,4052,5000,5000,5000 ]
75,20:37:14.750253,[ 2394,4052,5000,5000,5000 ]
76,20:37:14.770258,[ 2394,4052,5000,5000,5000 ]
77,20:37:14.787261,[ 2394,4052,5000,5000,5000 ]
78,20:37:14.805264,[ 2394,4052,5000,5000,5000 ]
79,20:37:14.819269,[ 2394,4052,5000,5000,5000 ]
80,20:37:14.838273,[ 2394,4052,5000,5000,5000 ]
81,20:37:14.853276,[ 2394,4052,5000,5000,5000 ]
82,20:37:14.866278,[ 2394,4052,5000,5000,5000 ]
83,20:37:14.885283,[ 2394,4052,5000,5000,5000 ]
84,20:37:14.900287,[ 2394,4052,5000,5000,5000 ]
85,20:37:14.918292,[ 2394,4052,5000,5000,5000 ]
86,20:37:14.934294,[ 2394,4052,5000,5000,5000 ]
87,20:37:14.951298,[ 2394,4052,5000,5000,5000 ]
88,20:37:14.970302,[ 2394,4052,5000,5000,5000 ]
89,20:37:14.987306,[ 2394,4052,5000,5000,5000 ]
90,20:37:15.004310,[ 2394,4052,5000,5000,5000 ]
91,20:37:15.020314,[ 2394,4052,5000,5000,5000 ]
92,20:37:15.034316,[ 2394,4052,5000,5000,5000 ]
93,20:37:15.049320,[ 2394,4052,5000,5000,5000 ]
94,20:37:15.063324,[ 2394,4052,5000,5000,5000 ]
95,20:37:15.079327,[ 2394,4052,5000,5000,4979 ]
96,20:37:15.093331,[ 2394,4052,5000,5000,4979 ]
97,20:37:15.106332,[ 2394,4052,5000,5000,4951 ]
98,20:37:15.122337,[ 2394,4052,5000,5000,4951 ]
99,20:37:15.135340,[ 2394,4052,5000,5000,4951 ]
100,20:37:15.150343,[ 2394,4052,5000,5000,4923 ]
101,20:37:15.165347,[ 2394,4052,5000,5000,4923 ]
102,20:37:15.179349,[ 2394,4052,5000,5000,4923 ]
103,20:37:15.193352,[ 2394,4051,5000,5000,4895 ]
104,20:37:15.205355,[ 2394,4051,5000,5000,4895 ]
105,20:37:15.219359,[ 2394,4051,5000,5000,4895 ]
106,20:37:15.234362,[ 2394,4051,5000,5000,4865 ]
107,20:37:15.248366,[ 2394,4051,5000,5000,4865 ]
108,20:37:15.262369,[ 2394,4051,5000,5000,4865 ]
109,20:37:15.277372,[ 2373,4051,5000,5000,4835 ]
110,20:37:15.293375,[ 2373,4051,5000,5000,4835 ]
111,20:37:15.305379,[ 2373,4051,5000,5000,4835 ]
112,20:37:15.320838,[ 2342,4051,4996,5000,4804 ]
113,20:37:15.335842,[ 2342,4051,4996,5000,4804 ]
114,20:37:15.348845,[ 2342,4051,4996,5000,4804 ]
115,20:37:15.363847,[ 2311,4051,4974,5000,4774 ]
116,20:37:15.378851,[ 2311,4051,4974,5000,4774 ]
117,20:37:15.392855,[ 2311,4051,4974,5000,4774 ]
118,20:37:15.405858,[ 2283,4051,4954,5000,4746 ]
119,20:37:15.421860,[ 2283,4051,4954,5000,4746 ]
120,20:37:15.435864,[ 2283,4051,4954,5000,4746 ]
121,20:37:15.451868,[ 2272,4080,4934,5000,4731 ]
122,20:37:15.464871,[ 2272,4080,4934,5000,4731 ]
123,20:37:15.478874,[ 2285,4135,4912,5000,4727 ]
124,20:37:15.495878,[ 2285,4135,4912,5000,4727 ]
125,20:37:15.508881,[ 2285,4135,4912,5000,4727 ]
126,20:37:15.523884,[ 2271,4218,4897,5000,4736 ]
127,20:37:15.538888,[ 2271,4218,4897,5000,4736 ]
128,20:37:15.552890,[ 2271,4218,4897,5000,4736 ]
129,20:37:15.567895,[ 2236,4326,4878,5000,4755 ]
130,20:37:15.582897,[ 2236,4326,4878,5000,4755 ]
131,20:37:15.595901,[ 2236,4326,4878,5000,4755 ]
132,20:37:15.608903,[ 2259,4433,4860,5000,4771 ]
133,20:37:15.622231,[ 2259,4433,4860,5000,4771 ]
134,20:37:15.636234,[ 2281,4538,4841,5000,4784 ]
135,20:37:15.649237,[ 2281,4538,4841,5000,4784 ]
136,20:37:15.662240,[ 2281,4538,4841,5000,4784 ]
137,20:37:15.675243,[ 794,4673,4824,5000,4809 ]
138,20:37:15.689246,[ 794,4673,4824,5000,4809 ]
139,20:37:15.702249,[ 794,4673,4824,5000,4809 ]
140,20:37:15.716252,[ 2422,4856,4807,4647,4842 ]
141,20:37:15.732256,[ 2422,4856,4807,4647,4842 ]
142,20:37:15.745259,[ 2422,4856,4807,4647,4842 ]
143,20:37:15.759261,[ 2394,5000,4792,5000,4902 ]
144,20:37:15.772264,[ 2394,5000,4792,5000,4902 ]
145,20:37:15.785268,[ 2394,5000,4792,5000,4902 ]
146,20:37:15.799271,[ 2441,4976,4781,5000,4966 ]
147,20:37:15.812780,[ 2441,4976,4781,5000,4966 ]
148,20:37:15.826785,[ 2441,4976,4781,5000,4966 ]
149,20:37:15.838788,[ 2441,4976,4781,5000,4966 ]
150,20:37:15.855790,[ 2501,1982,4769,5000,5000 ]
151,20:37:15.868794,[ 2501,1982,4769,5000,5000 ]
152,20:37:15.883798,[ 2570,4878,4761,5000,5000 ]
153,20:37:15.898801,[ 2570,4878,4761,5000,5000 ]
154,20:37:15.912803,[ 2570,4878,4761,5000,5000 ]
155,20:37:15.926807,[ 2658,4828,4755,5000,3846 ]
156,20:37:15.942811,[ 2658,4828,4755,5000,3846 ]
157,20:37:15.956814,[ 2658,4828,4755,5000,3846 ]
158,20:37:15.973816,[ 2790,2704,4752,5000,5000 ]
159,20:37:15.988821,[ 2790,2704,4752,5000,5000 ]
160,20:37:16.001824,[ 2790,2704,4752,5000,5000 ]
161,20:37:16.017827,[ 2896,4741,4750,5000,5000 ]
162,20:37:16.031830,[ 2896,4741,4750,5000,5000 ]
163,20:37:16.045834,[ 2896,4741,4750,5000,5000 ]
164,20:37:16.061838,[ 2991,4698,4749,4851,5000 ]
165,20:37:16.074840,[ 2991,4698,4749,4851,5000 ]
166,20:37:16.088843,[ 2991,4698,4749,4851,5000 ]
167,20:37:16.103847,[ 3086,4669,4746,4717,5000 ]
168,20:37:16.118850,[ 3086,4669,4746,4717,5000 ]
169,20:37:16.131853,[ 3086,4669,4746,4717,5000 ]
170,20:37:16.148856,[ 3178,4641,4741,4621,5000 ]
171,20:37:16.161860,[ 3178,4641,4741,4621,5000 ]
172,20:37:16.175862,[ 3262,4614,4744,4111,5000 ]
173,20:37:16.187866,[ 3262,4614,4744,4111,5000 ]
174,20:37:16.202869,[ 3262,4614,4744,4111,5000 ]
175,20:37:16.216872,[ 3329,4178,4312,3222,5000 ]
176,20:37:16.231876,[ 3329,4178,4312,3222,5000 ]
177,20:37:16.244879,[ 3329,4178,4312,3222,5000 ]
178,20:37:16.260881,[ 3381,4158,4305,4016,5000 ]
179,20:37:16.275886,[ 3381,4158,4305,4016,5000 ]
180,20:37:16.288889,[ 3413,4141,4292,3993,5000 ]
181,20:37:16.302891,[ 3413,4141,4292,3993,5000 ]
182,20:37:16.316895,[ 3413,4141,4292,3993,5000 ]
183,20:37:16.340900,[ 3428,4122,4273,3985,5000 ]
184,20:37:16.359905,[ 3428,4122,4273,3985,5000 ]
185,20:37:16.375908,[ 3428,4122,4273,3985,5000 ]
186,20:37:16.392912,[ 3420,4100,4097,3140,3237 ]
187,20:37:16.405916,[ 3420,4100,4097,3140,3237 ]
188,20:37:16.419919,[ 3397,4084,4132,4000,2844 ]
189,20:37:16.435921,[ 3397,4084,4132,4000,2844 ]
190,20:37:16.448926,[ 3397,4084,4132,4000,2844 ]
191,20:37:16.463927,[ 3359,4068,4109,4045,2858 ]
192,20:37:16.478931,[ 3359,4068,4109,4045,2858 ]
193,20:37:16.492935,[ 3359,4068,4109,4045,2858 ]
194,20:37:16.512939,[ 3310,4054,4084,2748,2868 ]
195,20:37:16.525942,[ 3310,4054,4084,2748,2868 ]
196,20:37:16.539946,[ 3250,4041,4124,2702,2884 ]
197,20:37:16.554948,[ 3250,4041,4124,2702,2884 ]
198,20:37:16.568951,[ 3250,4041,4124,2702,2884 ]
199,20:37:16.581955,[ 3188,4030,4091,2652,2905 ]
200,20:37:16.594957,[ 3188,4030,4091,2652,2905 ]
201,20:37:16.608960,[ 3188,4030,4091,2652,2905 ]
202,20:37:16.623825,[ 3116,3794,4057,2599,2932 ]
203,20:37:16.639828,[ 3116,3794,4057,2599,2932 ]
204,20:37:16.652831,[ 3116,3794,4057,2599,2932 ]
205,20:37:16.667835,[ 3043,4011,2162,2546,2961 ]
206,20:37:16.681837,[ 3043,4011,2162,2546,2961 ]
207,20:37:16.695841,[ 2074,4008,4402,2491,2989 ]
208,20:37:16.711846,[ 2074,4008,4402,2491,2989 ]
209,20:37:16.725848,[ 2074,4008,4402,2491,2989 ]
210,20:37:16.739850,[ 2884,4005,3795,2440,2917 ]
211,20:37:16.754854,[ 2884,4005,3795,2440,2917 ]
212,20:37:16.768858,[ 2884,4005,3795,2440,2917 ]
213,20:37:16.782861,[ 2802,4005,4331,2382,2426 ]
214,20:37:16.795863,[ 2802,4005,4331,2382,2426 ]
215,20:37:16.808868,[ 2802,4005,4331,2382,2426 ]
216,20:37:16.823870,[ 2718,2107,4298,2325,2678 ]
217,20:37:16.837873,[ 2718,2107,4298,2325,2678 ]
218,20:37:16.852876,[ 2718,2107,4298,2325,2678 ]
219,20:37:16.865879,[ 2640,2099,2017,2273,2570 ]
220,20:37:16.881883,[ 2640,2099,2017,2273,2570 ]
221,20:37:16.894886,[ 2640,2099,2017,2273,2570 ]
222,20:37:16.913889,[ 2563,2095,1992,2225,2464 ]
223,20:37:16.928893,[ 2563,2095,1992,2225,2464 ]
224,20:37:16.942897,[ 2563,2095,1992,2225,2464 ]
225,20:37:16.959901,[ 2484,2095,1967,2173,2357 ]
226,20:37:16.971903,[ 2484,2095,1967,2173,2357 ]
227,20:37:16.985906,[ 2484,2095,1967,2173,2357 ]
228,20:37:17.001911,[ 1699,2088,1565,1612,2256 ]
229,20:37:17.016914,[ 1699,2088,1565,1612,2256 ]
230,20:37:17.032917,[ 1636,1686,1928,3996,2161 ]
231,20:37:17.048922,[ 1636,1686,1928,3996,2161 ]
232,20:37:17.062924,[ 1636,1686,1928,3996,2161 ]
233,20:37:17.076929,[ 1579,1687,1529,3970,2071 ]
234,20:37:17.092931,[ 1579,1687,1529,3970,2071 ]
235,20:37:17.105934,[ 1579,1687,1529,3970,2071 ]
236,20:37:17.119938,[ 1538,1441,1509,3857,1987 ]
237,20:37:17.135940,[ 1538,1441,1509,3857,1987 ]
238,20:37:17.149943,[ 1538,1441,1509,3857,1987 ]
239,20:37:17.162946,[ 1496,1696,1495,1542,1911 ]
240,20:37:17.178950,[ 1496,1696,1495,1542,1911 ]
241,20:37:17.192953,[ 1496,1696,1495,1542,1911 ]
242,20:37:17.206956,[ 1459,1702,1483,1519,1699 ]
243,20:37:17.221960,[ 1459,1702,1483,1519,1699 ]
244,20:37:17.234963,[ 1459,1702,1483,1519,1699 ]
245,20:37:17.249966,[ 1419,1711,1470,1487,1777 ]
246,20:37:17.265970,[ 1419,1711,1470,1487,1777 ]
247,20:37:17.277973,[ 1419,1711,1470,1487,1777 ]
248,20:37:17.293975,[ 1382,1723,1459,1457,1717 ]
249,20:37:17.307979,[ 1382,1723,1459,1457,1717 ]
250,20:37:17.322982,[ 1382,1723,1459,1457,1717 ]
251,20:37:17.338986,[ 1345,1737,1442,1429,2100 ]
252,20:37:17.352989,[ 1345,1737,1442,1429,2100 ]
253,20:37:17.365992,[ 1345,1737,1442,1429,2100 ]
254,20:37:17.378995,[ 1311,1754,1440,1403,1427 ]
255,20:37:17.390998,[ 1311,1754,1440,1403,1427 ]
256,20:37:17.405001,[ 1311,1754,1440,1403,1427 ]
257,20:37:17.422008,[ 1273,1760,1433,1378,1416 ]
258,20:37:17.436012,[ 1273,1760,1433,1378,1416 ]
259,20:37:17.449014,[ 1273,1760,1433,1378,1416 ]
260,20:37:17.465019,[ 1237,1685,1426,1344,3952 ]
261,20:37:17.479022,[ 1237,1685,1426,1344,3952 ]
262,20:37:17.492024,[ 1237,1685,1426,1344,3952 ]
263,20:37:17.507028,[ 1735,1599,1420,1706,3820 ]
264,20:37:17.522031,[ 1735,1599,1420,1706,3820 ]
265,20:37:17.536034,[ 1735,1599,1420,1706,3820 ]
266,20:37:17.551037,[ 1756,2220,1828,1678,3780 ]
267,20:37:17.566041,[ 1756,2220,1828,1678,3780 ]
268,20:37:17.579044,[ 1756,2220,1828,1678,3780 ]
269,20:37:17.593047,[ 1732,2089,2506,3427,3644 ]
270,20:37:17.609051,[ 1732,2089,2506,3427,3644 ]
271,20:37:17.623054,[ 1732,2089,2506,3427,3644 ]
272,20:37:17.639057,[ 1804,2003,1179,3483,3634 ]
273,20:37:17.655061,[ 1804,2003,1179,3483,3634 ]
274,20:37:17.668064,[ 1804,2003,1179,3483,3634 ]
275,20:37:17.687067,[ 1770,1926,3112,3888,3996 ]
276,20:37:17.707072,[ 1770,1926,3112,3888,3996 ]
277,20:37:17.727490,[ 1770,1926,3112,3888,3996 ]
278,20:37:17.744494,[ 1730,1841,2846,3895,3926 ]
279,20:37:17.758498,[ 1730,1841,2846,3895,3926 ]
280,20:37:17.772501,[ 1730,1841,2846,3895,3926 ]
281,20:37:17.786504,[ 1701,1775,2657,3908,3879 ]
282,20:37:17.802507,[ 1701,1775,2657,3908,3879 ]
283,20:37:17.815510,[ 1701,1775,2657,3908,3879 ]
284,20:37:17.829513,[ 1675,1718,2492,3927,3840 ]
285,20:37:17.845517,[ 1675,1718,2492,3927,3840 ]
286,20:37:17.858521,[ 1675,1718,2492,3927,3840 ]
287,20:37:17.874523,[ 1652,1667,2355,3949,3806 ]
288,20:37:17.888527,[ 1652,1667,2355,3949,3806 ]
289,20:37:17.902530,[ 1652,1667,2355,3949,3806 ]
290,20:37:17.917042,[ 1630,1619,2235,3978,3780 ]
291,20:37:17.931045,[ 1630,1619,2235,3978,3780 ]
292,20:37:17.946047,[ 1630,1619,2235,3978,3780 ]
293,20:37:17.959052,[ 1611,1578,2132,4007,3755 ]
294,20:37:17.976055,[ 1611,1578,2132,4007,3755 ]
295,20:37:17.989057,[ 1611,1578,2132,4007,3755 ]
296,20:37:18.001060,[ 1611,1578,2132,4007,3755 ]
297,20:37:18.018065,[ 1591,1538,2040,3806,3741 ]
298,20:37:18.032068,[ 1591,1538,2040,3806,3741 ]
299,20:37:18.046072,[ 1591,1538,2040,3806,3741 ]
300,20:37:18.061074,[ 1574,1503,1963,980,3728 ]
301,20:37:18.075077,[ 1574,1503,1963,980,3728 ]
302,20:37:18.089081,[ 1574,1503,1963,980,3728 ]
303,20:37:18.104085,[ 1557,1470,1867,3304,3719 ]
304,20:37:18.119087,[ 1557,1470,1867,3304,3719 ]
305,20:37:18.133091,[ 1557,1470,1867,3304,3719 ]
306,20:37:18.148094,[ 1540,1440,1807,3125,3707 ]
307,20:37:18.162097,[ 1540,1440,1807,3125,3707 ]
308,20:37:18.176101,[ 1540,1440,1807,3125,3707 ]
309,20:37:18.190104,[ 1524,1412,1750,2957,3700 ]
310,20:37:18.206108,[ 1524,1412,1750,2957,3700 ]
311,20:37:18.220110,[ 1524,1412,1750,2957,3700 ]
312,20:37:18.236114,[ 1507,1441,1699,2807,3058 ]
313,20:37:18.252118,[ 1507,1441,1699,2807,3058 ]
314,20:37:18.266120,[ 1507,1441,1699,2807,3058 ]
315,20:37:18.279124,[ 1492,1431,1654,2706,3686 ]
316,20:37:18.295128,[ 1492,1431,1654,2706,3686 ]
317,20:37:18.309130,[ 1492,1431,1654,2706,3686 ]
318,20:37:18.323134,[ 1477,1408,1615,2611,3680 ]
319,20:37:18.339137,[ 1477,1408,1615,2611,3680 ]
320,20:37:18.356140,[ 1477,1408,1615,2611,3680 ]
321,20:37:18.370145,[ 1461,1385,1576,2521,3675 ]
322,20:37:18.386148,[ 1461,1385,1576,2521,3675 ]
323,20:37:18.398150,[ 1461,1385,1576,2521,3675 ]
324,20:37:18.414154,[ 1445,1362,1540,2432,1612 ]
325,20:37:18.429157,[ 1445,1362,1540,2432,1612 ]
326,20:37:18.442160,[ 1445,1362,1540,2432,1612 ]
327,20:37:18.457164,[ 1429,1340,1510,2355,3664 ]
328,20:37:18.473167,[ 1429,1340,1510,2355,3664 ]
329,20:37:18.486170,[ 1429,1340,1510,2355,3664 ]
330,20:37:18.500173,[ 1413,1318,1482,2281,3659 ]
331,20:37:18.516177,[ 1413,1318,1482,2281,3659 ]
332,20:37:18.529180,[ 1413,1318,1482,2281,3659 ]
333,20:37:18.543184,[ 1397,1297,1444,2214,3654 ]
334,20:37:18.559187,[ 1397,1297,1444,2214,3654 ]
335,20:37:18.572190,[ 1397,1297,1444,2214,3654 ]
336,20:37:18.587192,[ 1381,1275,1408,2142,3647 ]
337,20:37:18.602197,[ 1381,1275,1408,2142,3647 ]
338,20:37:18.616199,[ 1381,1275,1408,2142,3647 ]
339,20:37:18.629203,[ 1363,1253,1380,2079,751 ]
340,20:37:18.645207,[ 1363,1253,1380,2079,751 ]
341,20:37:18.659211,[ 1363,1253,1380,2079,751 ]
342,20:37:18.672212,[ 1363,1253,1380,2079,751 ]
343,20:37:18.687216,[ 1345,1334,1355,2018,5000 ]
344,20:37:18.702220,[ 1345,1334,1355,2018,5000 ]
345,20:37:18.719998,[ 1345,1334,1355,2018,5000 ]
346,20:37:18.739003,[ 1327,1207,1320,2736,5000 ]
347,20:37:18.752006,[ 1327,1207,1320,2736,5000 ]
348,20:37:18.766009,[ 1327,1207,1320,2736,5000 ]
349,20:37:18.781012,[ 1290,1182,1287,2695,5000 ]
350,20:37:18.795016,[ 1290,1182,1287,2695,5000 ]
351,20:37:18.808018,[ 1290,1182,1287,2695,5000 ]
352,20:37:18.825022,[ 1273,1161,1260,2662,5000 ]
353,20:37:18.839025,[ 1273,1161,1260,2662,5000 ]
354,20:37:18.853027,[ 1273,1161,1260,2662,5000 ]
355,20:37:18.869032,[ 1256,1141,1234,2635,5000 ]
356,20:37:18.883035,[ 1256,1141,1234,2635,5000 ]
357,20:37:18.900039,[ 1239,1121,1209,2611,5000 ]
358,20:37:18.916043,[ 1239,1121,1209,2611,5000 ]
359,20:37:18.929045,[ 1239,1121,1209,2611,5000 ]
360,20:37:18.943048,[ 1222,1101,1184,2588,5000 ]
361,20:37:18.959052,[ 1222,1101,1184,2588,5000 ]
362,20:37:18.972055,[ 1222,1101,1184,2588,5000 ]
363,20:37:18.988059,[ 1204,1081,1159,2568,5000 ]
364,20:37:19.002061,[ 1204,1081,1159,2568,5000 ]
365,20:37:19.016116,[ 1204,1081,1159,2568,5000 ]
366,20:37:19.030119,[ 1185,1061,1134,2548,5000 ]
367,20:37:19.046123,[ 1185,1061,1134,2548,5000 ]
368,20:37:19.065128,[ 1185,1061,1134,2548,5000 ]
369,20:37:19.084132,[ 1165,1039,1107,2528,5000 ]
370,20:37:19.103135,[ 1165,1039,1107,2528,5000 ]
371,20:37:19.129141,[ 1143,1015,1078,2508,5000 ]
372,20:37:19.149146,[ 1143,1015,1078,2508,5000 ]
373,20:37:19.169151,[ 1143,1015,1078,2508,5000 ]
374,20:37:19.193156,[ 1118,988,1046,2488,5000 ]
375,20:37:19.213161,[ 1118,988,1046,2488,5000 ]
376,20:37:19.234426,[ 1118,988,1046,2488,5000 ]
377,20:37:19.255431,[ 1093,960,1013,2464,5000 ]
378,20:37:19.268433,[ 1093,960,1013,2464,5000 ]
379,20:37:19.282437,[ 1093,960,1013,2464,5000 ]
380,20:37:19.302442,[ 1072,936,984,2445,5000 ]
381,20:37:19.319445,[ 1072,936,984,2445,5000 ]
382,20:37:19.333448,[ 1072,936,984,2445,5000 ]
383,20:37:19.350452,[ 1054,916,958,2431,5000 ]
384,20:37:19.366456,[ 1054,916,958,2431,5000 ]
385,20:37:19.383461,[ 1035,840,932,2423,5000 ]
386,20:37:19.398463,[ 1035,840,932,2423,5000 ]
387,20:37:19.412466,[ 1035,840,932,2423,5000 ]
388,20:37:19.427469,[ 1018,804,908,1264,5000 ]
389,20:37:19.441473,[ 1018,804,908,1264,5000 ]
390,20:37:19.456476,[ 1018,804,908,1264,5000 ]
391,20:37:19.470479,[ 1001,784,885,2428,5000 ]
392,20:37:19.485483,[ 1001,784,885,2428,5000 ]
393,20:37:19.498486,[ 1001,784,885,2428,5000 ]
394,20:37:19.512489,[ 983,763,862,2443,5000 ]
395,20:37:19.529493,[ 983,763,862,2443,5000 ]
396,20:37:19.541496,[ 983,763,862,2443,5000 ]
397,20:37:19.556499,[ 1147,743,839,2477,5000 ]
398,20:37:19.572502,[ 1147,743,839,2477,5000 ]
399,20:37:19.586506,[ 1147,743,839,2477,5000 ]
400,20:37:19.604510,[ 1215,722,816,5000,5000 ]
401,20:37:19.619512,[ 1215,722,816,5000,5000 ]
402,20:37:19.632516,[ 1310,703,825,5000,5000 ]
403,20:37:19.648520,[ 1310,703,825,5000,5000 ]
404,20:37:19.662523,[ 1310,703,825,5000,5000 ]
405,20:37:19.675526,[ 5000,700,859,5000,5000 ]
406,20:37:19.689529,[ 5000,700,859,5000,5000 ]
407,20:37:19.702531,[ 5000,700,859,5000,5000 ]
408,20:37:19.720536,[ 5000,5000,909,5000,5000 ]
409,20:37:19.736540,[ 5000,5000,909,5000,5000 ]
410,20:37:19.752543,[ 5000,5000,909,5000,5000 ]
411,20:37:19.769547,[ 5000,5000,979,5000,5000 ]
412,20:37:19.785551,[ 5000,5000,979,5000,5000 ]
413,20:37:19.799554,[ 5000,5000,979,5000,5000 ]
414,20:37:19.820558,[ 5000,5000,5000,5000,5000 ]
415,20:37:19.836562,[ 5000,5000,5000,5000,5000 ]
416,20:37:19.854566,[ 5000,5000,5000,5000,5000 ]
417,20:37:19.868569,[ 5000,5000,5000,5000,5000 ]
418,20:37:19.883573,[ 5000,5000,5000,5000,5000 ]
419,20:37:19.900577,[ 5000,5000,5000,5000,5000 ]
420,20:37:19.915579,[ 5000,5000,5000,5000,5000 ]
421,20:37:19.928583,[ 5000,5000,5000,5000,5000 ]
422,20:37:19.944586,[ 5000,5000,5000,5000,5000 ]
423,20:37:19.958589,[ 5000,5000,5000,5000,5000 ]
424,20:37:19.971593,[ 5000,5000,5000,5000,5000 ]
425,20:37:19.988597,[ 5000,5000,5000,5000,5000 ]
426,20:37:20.001599,[ 5000,5000,5000,5000,5000 ]
427,20:37:20.015979,[ 5000,5000,5000,5000,5000 ]
428,20:37:20.032984,[ 5000,5000,5000,5000,5000 ]
429,20:37:20.045987,[ 5000,5000,5000,5000,5000 ]
430,20:37:20.058990,[ 5000,5000,5000,5000,5000 ]
431,20:37:20.074993,[ 5000,5000,5000,5000,5000 ]
432,20:37:20.088996,[ 5000,5000,5000,5000,5000 ]
433,20:37:20.104000,[ 5000,5000,5000,5000,5000 ]
434,20:37:20.119003,[ 5000,5000,5000,5000,5000 ]
435,20:37:20.131006,[ 5000,5000,5000,5000,5000 ]
436,20:37:20.146009,[ 5000,5000,5000,5000,5000 ]
437,20:37:20.162013,[ 5000,5000,5000,5000,5000 ]
438,20:37:20.176016,[ 5000,5000,5000,5000,5000 ]
439,20:37:20.190018,[ 5000,5000,5000,5000,5000 ]
440,20:37:20.206023,[ 5000,5000,5000,5000,5000 ]
441,20:37:20.222027,[ 5000,5000,5000,5000,5000 ]
442,20:37:20.239030,[ 5000,5000,5000,5000,5000 ]
443,20:37:20.252033,[ 5000,5000,5000,5000,5000 ]
444,20:37:20.267037,[ 5000,5000,5000,5000,5000 ]
445,20:37:20.282039,[ 5000,5000,5000,5000,5000 ]
446,20:37:20.296043,[ 5000,5000,5000,5000,5000 ]
447,20:37:20.312047,[ 5000,5000,5000,5000,5000 ]
448,20:37:20.325392,[ 5000,5000,5000,5000,5000 ]
449,20:37:20.340395,[ 5000,5000,5000,5000,5000 ]
450,20:37:20.355398,[ 5000,5000,5000,5000,5000 ]
451,20:37:20.369401,[ 5000,5000,5000,5000,5000 ]
452,20:37:20.383405,[ 5000,5000,5000,5000,5000 ]
453,20:37:20.398408,[ 5000,5000,5000,5000,5000 ]
454,20:37:20.413411,[ 5000,5000,5000,5000,5000 ]
455,20:37:20.436417,[ 5000,5000,5000,5000,5000 ]
456,20:37:20.457420,[ 5000,5000,5000,5000,5000 ]
457,20:37:20.480426,[ 5000,5000,5000,5000,5000 ]
458,20:37:20.502431,[ 5000,5000,5000,5000,5000 ]
459,20:37:20.523435,[ 5000,5000,5000,5000,5000 ]
460,20:37:20.546440,[ 5000,5000,5000,5000,5000 ]
461,20:37:20.564445,[ 5000,5000,5000,5000,5000 ]
462,20:37:20.579448,[ 5000,5000,5000,5000,5000 ]
463,20:37:20.595453,[ 5000,5000,5000,5000,5000 ]
464,20:37:20.609455,[ 5000,5000,5000,5000,5000 ]
465,20:37:20.625459,[ 5000,5000,5000,5000,5000 ]
466,20:37:20.640462,[ 5000,5000,5000,5000,5000 ]
467,20:37:20.654465,[ 5000,5000,5000,5000,5000 ]
468,20:37:20.669469,[ 5000,5000,5000,5000,5000 ]
469,20:37:20.685472,[ 5000,5000,5000,5000,5000 ]
470,20:37:20.700475,[ 5000,5000,5000,5000,5000 ]
471,20:37:20.715480,[ 5000,5000,5000,5000,5000 ]
472,20:37:20.728482,[ 5000,5000,5000,5000,5000 ]
473,20:37:20.741485,[ 5000,5000,5000,5000,5000 ]
474,20:37:20.756488,[ 5000,5000,5000,5000,5000 ]
475,20:37:20.771492,[ 5000,5000,5000,5000,5000 ]
476,20:37:20.786495,[ 5000,5000,5000,5000,5000 ]
477,20:37:20.801499,[ 5000,5000,5000,5000,5000 ]
478,20:37:20.816503,[ 5000,5000,5000,5000,5000 ]
479,20:37:20.832506,[ 5000,5000,5000,5000,5000 ]
480,20:37:20.847508,[ 5000,5000,5000,5000,5000 ]
481,20:37:20.862512,[ 5000,5000,5000,5000,5000 ]
482,20:37:20.876515,[ 5000,5000,5000,5000,5000 ]
483,20:37:20.892519,[ 5000,5000,5000,5000,5000 ]
484,20:37:20.905522,[ 5000,5000,5000,5000,5000 ]
485,20:37:20.920526,[ 5000,5000,5000,5000,5000 ]
486,20:37:20.936529,[ 5000,5000,5000,5000,5000 ]
487,20:37:20.952533,[ 5000,5000,5000,5000,5000 ]
488,20:37:20.968537,[ 5000,5000,5000,5000,5000 ]
489,20:37:20.983539,[ 5000,5000,5000,5000,5000 ]
490,20:37:20.998544,[ 5000,5000,5000,5000,5000 ]
491,20:37:21.012547,[ 5000,5000,5000,5000,5000 ]
492,20:37:21.027549,[ 5000,5000,5000,5000,5000 ]
493,20:37:21.042553,[ 5000,5000,5000,5000,5000 ]
494,20:37:21.057556,[ 5000,5000,5000,5000,5000 ]
495,20:37:21.073560,[ 5000,5000,5000,5000,5000 ]
496,20:37:21.091563,[ 5000,5000,5000,5000,5000 ]
497,20:37:21.105567,[ 5000,5000,5000,5000,5000 ]
498,20:37:21.119570,[ 5000,5000,5000,5000,5000 ]
499,20:37:21.135574,[ 5000,5000,5000,5000,5000 ]
500,20:37:21.149577,[ 5000,5000,5000,5000,5000 ]
501,20:37:21.163580,[ 5000,5000,5000,5000,5000 ]
502,20:37:21.179584,[ 5000,5000,5000,5000,5000 ]
503,20:37:21.196587,[ 5000,5000,5000,5000,5000 ]
504,20:37:21.212591,[ 5000,5000,5000,5000,5000 ]
505,20:37:21.230595,[ 5000,5000,5000,5000,5000 ]
506,20:37:21.245599,[ 5000,5000,5000,5000,5000 ]
507,20:37:21.259602,[ 5000,5000,5000,5000,5000 ]
508,20:37:21.275606,[ 5000,5000,5000,5000,5000 ]
509,20:37:21.289609,[ 5000,5000,5000,5000,5000 ]
510,20:37:21.307613,[ 5000,5000,5000,5000,5000 ]
511,20:37:21.322619,[ 5000,5000,5000,5000,5000 ]
512,20:37:21.335623,[ 5000,5000,5000,5000,5000 ]
513,20:37:21.353628,[ 5000,5000,5000,5000,5000 ]
514,20:37:21.368630,[ 5000,5000,5000,5000,5000 ]
515,20:37:21.383633,[ 5000,5000,5000,5000,5000 ]
516,20:37:21.398636,[ 5000,5000,5000,5000,5000 ]
517,20:37:21.412639,[ 5000,5000,5000,5000,5000 ]
518,20:37:21.430644,[ 5000,5000,5000,5000,5000 ]
519,20:37:21.446648,[ 5000,5000,5000,5000,5000 ]
520,20:37:21.463652,[ 5000,5000,5000,5000,5000 ]
521,20:37:21.479655,[ 5000,5000,5000,5000,5000 ]
522,20:37:21.497660,[ 5000,5000,5000,5000,5000 ]
523,20:37:21.512663,[ 5000,5000,5000,5000,5000 ]
524,20:37:21.526666,[ 5000,5000,5000,5000,5000 ]
525,20:37:21.545670,[ 5000,5000,5000,5000,5000 ]
526,20:37:21.563674,[ 5000,5000,5000,5000,5000 ]
527,20:37:21.580678,[ 5000,5000,5000,5000,5000 ]
528,20:37:21.598682,[ 5000,5000,5000,5000,5000 ]
529,20:37:21.613686,[ 5000,5000,5000,5000,5000 ]
530,20:37:21.634691,[ 5000,5000,5000,5000,5000 ]
531,20:37:21.649693,[ 5000,5000,5000,5000,5000 ]
532,20:37:21.666697,[ 5000,5000,5000,5000,5000 ]
533,20:37:21.681701,[ 5000,5000,5000,5000,5000 ]
534,20:37:21.695703,[ 5000,5000,5000,5000,5000 ]
535,20:37:21.714708,[ 5000,5000,5000,5000,5000 ]
536,20:37:21.728711,[ 5000,5000,5000,5000,5000 ]
537,20:37:21.742714,[ 5000,5000,5000,5000,5000 ]
538,20:37:21.761718,[ 5000,5000,5000,5000,5000 ]
539,20:37:21.779722,[ 5000,5000,5000,5000,5000 ]
540,20:37:21.803728,[ 5000,5000,5000,5000,5000 ]
541,20:37:21.823732,[ 5000,5000,5000,5000,5000 ]
542,20:37:21.844737,[ 5000,5000,5000,5000,5000 ]
543,20:37:21.867742,[ 5000,5000,5000,5000,5000 ]
544,20:37:21.885746,[ 5000,5000,5000,5000,5000 ]
545,20:37:21.909751,[ 5000,5000,5000,5000,5000 ]
546,20:37:21.926755,[ 5000,5000,5000,5000,5000 ]
547,20:37:21.944760,[ 5000,5000,5000,5000,5000 ]
548,20:37:21.959764,[ 5000,5000,5000,5000,5000 ]
549,20:37:21.973767,[ 5000,5000,5000,5000,5000 ]
550,20:37:21.990770,[ 5000,5000,5000,2768,5000 ]
551,20:37:22.005773,[ 5000,5000,5000,2768,5000 ]
552,20:37:22.022778,[ 5000,5000,5000,2768,5000 ]
553,20:37:22.042781,[ 5000,5000,5000,2673,5000 ]
554,20:37:22.056785,[ 5000,5000,5000,2673,5000 ]
555,20:37:22.074789,[ 5000,5000,5000,2618,5000 ]
556,20:37:22.089792,[ 5000,5000,5000,2618,5000 ]
557,20:37:22.102796,[ 5000,5000,5000,2618,5000 ]
558,20:37:22.116639,[ 5000,5000,5000,2587,5000 ]
559,20:37:22.133643,[ 5000,5000,5000,2587,5000 ]
560,20:37:22.149647,[ 5000,5000,5000,2587,5000 ]
561,20:37:22.167650,[ 5000,5000,5000,2576,5000 ]
562,20:37:22.182654,[ 5000,5000,5000,2576,5000 ]
563,20:37:22.194657,[ 5000,5000,5000,2576,5000 ]
564,20:37:22.210660,[ 5000,5000,5000,2580,5000 ]
565,20:37:22.224664,[ 5000,5000,5000,2580,5000 ]
566,20:37:22.238666,[ 5000,5000,5000,2580,5000 ]
567,20:37:22.254672,[ 5000,5000,5000,2602,5000 ]
568,20:37:22.268674,[ 5000,5000,5000,2602,5000 ]
569,20:37:22.281676,[ 5000,5000,5000,2602,5000 ]
570,20:37:22.296680,[ 5000,5000,5000,2654,5000 ]
571,20:37:22.312684,[ 5000,5000,5000,2654,5000 ]
572,20:37:22.325686,[ 5000,5000,5000,5000,5000 ]
573,20:37:22.342690,[ 5000,5000,5000,5000,5000 ]
574,20:37:22.355693,[ 5000,5000,5000,5000,5000 ]
575,20:37:22.369696,[ 5000,5000,5000,5000,5000 ]
576,20:37:22.385700,[ 5000,5000,5000,5000,5000 ]
577,20:37:22.397703,[ 5000,5000,5000,5000,5000 ]
578,20:37:22.414707,[ 5000,5000,5000,5000,5000 ]
579,20:37:22.428709,[ 5000,5000,5000,5000,5000 ]
580,20:37:22.441713,[ 5000,5000,5000,5000,5000 ]
581,20:37:22.455716,[ 5000,5000,5000,5000,5000 ]
582,20:37:22.468719,[ 5000,5000,5000,5000,5000 ]
583,20:37:22.486725,[ 5000,5000,5000,5000,5000 ]
584,20:37:22.501725,[ 5000,5000,5000,5000,5000 ]
585,20:37:22.515730,[ 5000,5000,5000,5000,5000 ]
586,20:37:22.531733,[ 5000,5000,5000,5000,5000 ]
587,20:37:22.545736,[ 5000,5000,5000,5000,5000 ]
588,20:37:22.558740,[ 5000,5000,5000,5000,5000 ]
589,20:37:22.571743,[ 5000,5000,5000,5000,5000 ]
590,20:37:22.585744,[ 5000,5000,5000,5000,5000 ]
591,20:37:22.602749,[ 5000,5000,5000,5000,5000 ]
592,20:37:22.615753,[ 5000,5000,5000,5000,5000 ]
593,20:37:22.632756,[ 5000,5000,5000,5000,5000 ]
594,20:37:22.652760,[ 5000,5000,5000,5000,5000 ]
595,20:37:22.668763,[ 5000,5000,5000,5000,5000 ]
596,20:37:22.681767,[ 5000,5000,5000,5000,5000 ]
597,20:37:22.698769,[ 5000,5000,2048,5000,5000 ]
598,20:37:22.711773,[ 5000,5000,2048,5000,5000 ]
599,20:37:22.725777,[ 5000,5000,2048,5000,5000 ]
600,20:37:22.740781,[ 5000,5000,1991,5000,5000 ]
601,20:37:22.755784,[ 5000,5000,1991,5000,5000 ]
602,20:37:22.771787,[ 5000,5000,1991,5000,5000 ]
603,20:37:22.785790,[ 5000,5000,1957,5000,5000 ]
604,20:37:22.802794,[ 5000,5000,1957,5000,5000 ]
605,20:37:22.814797,[ 5000,5000,1957,5000,5000 ]
606,20:37:22.829799,[ 5000,5000,1934,5000,5000 ]
607,20:37:22.844803,[ 5000,5000,1934,5000,5000 ]
608,20:37:22.861808,[ 5000,5000,1934,5000,5000 ]
609,20:37:22.875810,[ 5000,5000,1922,5000,5000 ]
610,20:37:22.891814,[ 5000,5000,1922,5000,5000 ]
611,20:37:22.904817,[ 5000,5000,1922,5000,5000 ]
612,20:37:22.920828,[ 5000,5000,1912,5000,5000 ]
613,20:37:22.935831,[ 5000,5000,1912,5000,5000 ]
614,20:37:22.948833,[ 5000,5000,1905,5000,5000 ]
615,20:37:22.964838,[ 5000,5000,1905,5000,5000 ]
616,20:37:22.978841,[ 5000,5000,1905,5000,5000 ]
617,20:37:22.992844,[ 5000,5000,1902,5000,5000 ]
618,20:37:23.008846,[ 5000,5000,1902,5000,5000 ]
619,20:37:23.021850,[ 5000,5000,1902,5000,5000 ]
620,20:37:23.038855,[ 5000,5000,5000,5000,5000 ]
621,20:37:23.050857,[ 5000,5000,5000,5000,5000 ]
622,20:37:23.066860,[ 5000,5000,1866,5000,5000 ]
623,20:37:23.081865,[ 5000,5000,1866,5000,5000 ]
624,20:37:23.095868,[ 5000,5000,1866,5000,5000 ]
625,20:37:23.109871,[ 5000,5000,1805,5000,5000 ]
626,20:37:23.125874,[ 5000,5000,1805,5000,5000 ]
627,20:37:23.143878,[ 5000,5000,1805,5000,5000 ]
628,20:37:23.166883,[ 5000,5000,1740,5000,5000 ]
629,20:37:23.186887,[ 5000,5000,1740,5000,5000 ]
630,20:37:23.206893,[ 5000,5000,1740,5000,5000 ]
631,20:37:23.230898,[ 5000,5000,1674,4685,5000 ]
632,20:37:23.248901,[ 5000,5000,1674,4685,5000 ]
633,20:37:23.267906,[ 5000,5000,1674,4685,5000 ]
634,20:37:23.293912,[ 5000,5000,1617,5000,5000 ]
635,20:37:23.308916,[ 5000,5000,1617,5000,5000 ]
636,20:37:23.325919,[ 3002,5000,1583,5000,5000 ]
637,20:37:23.341922,[ 3002,5000,1583,5000,5000 ]
638,20:37:23.355926,[ 3002,5000,1583,5000,5000 ]
639,20:37:23.369929,[ 2931,5000,1555,5000,5000 ]
640,20:37:23.384933,[ 2931,5000,1555,5000,5000 ]
641,20:37:23.401937,[ 2931,5000,1555,5000,5000 ]
642,20:37:23.416940,[ 2891,5000,1530,5000,5000 ]
643,20:37:23.431943,[ 2891,5000,1530,5000,5000 ]
644,20:37:23.444946,[ 2891,5000,1530,5000,5000 ]
645,20:37:23.460949,[ 2866,5000,1508,5000,5000 ]
646,20:37:23.474953,[ 2866,5000,1508,5000,5000 ]
647,20:37:23.487955,[ 2866,5000,1508,5000,5000 ]
648,20:37:23.504960,[ 2851,5000,1483,5000,5000 ]
649,20:37:23.517962,[ 2851,5000,1483,5000,5000 ]
650,20:37:23.530965,[ 2851,5000,1483,5000,5000 ]
651,20:37:23.547969,[ 2841,5000,1455,4565,5000 ]
652,20:37:23.560972,[ 2841,5000,1455,4565,5000 ]
653,20:37:23.574975,[ 2841,5000,1455,4565,5000 ]
654,20:37:23.591979,[ 2837,4705,1425,4988,5000 ]
655,20:37:23.604983,[ 2837,4705,1425,4988,5000 ]
656,20:37:23.617986,[ 2837,4705,1425,4988,5000 ]
657,20:37:23.634989,[ 2839,4481,1395,4777,4915 ]
658,20:37:23.651993,[ 2839,4481,1395,4777,4915 ]
659,20:37:23.665997,[ 2851,4324,1365,4544,4662 ]
660,20:37:23.680999,[ 2851,4324,1365,4544,4662 ]
661,20:37:23.697003,[ 2851,4324,1365,4544,4662 ]
662,20:37:23.712007,[ 2895,4120,1334,3692,4420 ]
663,20:37:23.728712,[ 2895,4120,1334,3692,4420 ]
664,20:37:23.742716,[ 2895,4120,1334,3692,4420 ]
665,20:37:23.754719,[ 2895,4120,1334,3692,4420 ]
666,20:37:23.772722,[ 4477,3768,1304,3695,4126 ]
667,20:37:23.784726,[ 4477,3768,1304,3695,4126 ]
668,20:37:23.798728,[ 4477,3768,1304,3695,4126 ]
669,20:37:23.818733,[ 4396,2891,1279,3701,3420 ]
670,20:37:23.831736,[ 4396,2891,1279,3701,3420 ]
671,20:37:23.849739,[ 4304,2848,1257,3741,3385 ]
672,20:37:23.865743,[ 4304,2848,1257,3741,3385 ]
673,20:37:23.878747,[ 4304,2848,1257,3741,3385 ]
674,20:37:23.894750,[ 4304,2848,1257,3741,3385 ]
675,20:37:23.912754,[ 3889,2822,1235,3570,3592 ]
676,20:37:23.924757,[ 3889,2822,1235,3570,3592 ]
677,20:37:23.937759,[ 3889,2822,1235,3570,3592 ]
678,20:37:23.952762,[ 3857,2811,1216,3414,3576 ]
679,20:37:23.967766,[ 3857,2811,1216,3414,3576 ]
680,20:37:23.981770,[ 3857,2811,1216,3414,3576 ]
681,20:37:24.000774,[ 1622,2814,1198,2712,2037 ]
682,20:37:24.015659,[ 1622,2814,1198,2712,2037 ]
683,20:37:24.028656,[ 1622,2814,1198,2712,2037 ]
684,20:37:24.043660,[ 1565,2831,1183,3205,2019 ]
685,20:37:24.063664,[ 1565,2831,1183,3205,2019 ]
686,20:37:24.086671,[ 1505,2861,1165,3113,2022 ]
687,20:37:24.104673,[ 1505,2861,1165,3113,2022 ]
688,20:37:24.118677,[ 1505,2861,1165,3113,2022 ]
689,20:37:24.132679,[ 1451,3092,1150,3037,3100 ]
690,20:37:24.148683,[ 1451,3092,1150,3037,3100 ]
691,20:37:24.161686,[ 1451,3092,1150,3037,3100 ]
692,20:37:24.175689,[ 1404,3073,1139,2975,3024 ]
693,20:37:24.191693,[ 1404,3073,1139,2975,3024 ]
694,20:37:24.205696,[ 1404,3073,1139,2975,3024 ]
695,20:37:24.222153,[ 1362,3053,1130,2921,2957 ]
696,20:37:24.234156,[ 1362,3053,1130,2921,2957 ]
697,20:37:24.249160,[ 1362,3053,1130,2921,2957 ]
698,20:37:24.266163,[ 1320,3029,1121,2767,2895 ]
699,20:37:24.282167,[ 1320,3029,1121,2767,2895 ]
700,20:37:24.301171,[ 1279,2999,1114,2746,2835 ]
701,20:37:24.316174,[ 1279,2999,1114,2746,2835 ]
702,20:37:24.332178,[ 1279,2999,1114,2746,2835 ]
703,20:37:24.344181,[ 1279,2999,1114,2746,2835 ]
704,20:37:24.362185,[ 1231,2960,1107,2739,2769 ]
705,20:37:24.375188,[ 1231,2960,1107,2739,2769 ]
706,20:37:24.389190,[ 1231,2960,1107,2739,2769 ]
707,20:37:24.406195,[ 1200,2940,1109,2697,2718 ]
708,20:37:24.422199,[ 1200,2940,1109,2697,2718 ]
709,20:37:24.435202,[ 1200,2940,1109,2697,2718 ]
710,20:37:24.451206,[ 1184,2931,1129,2647,2670 ]
711,20:37:24.468209,[ 1184,2931,1129,2647,2670 ]
712,20:37:24.483213,[ 1169,2926,2295,2589,2529 ]
713,20:37:24.501216,[ 1169,2926,2295,2589,2529 ]
714,20:37:24.519219,[ 1169,2926,2295,2589,2529 ]
715,20:37:24.541224,[ 1152,2924,2259,1069,2515 ]
716,20:37:24.557228,[ 1152,2924,2259,1069,2515 ]
717,20:37:24.575232,[ 1152,2924,2259,1069,2515 ]
718,20:37:24.601240,[ 1132,2911,2223,1002,2502 ]
719,20:37:24.618243,[ 1132,2911,2223,1002,2502 ]
720,20:37:24.635246,[ 1132,2911,2223,1002,2502 ]
721,20:37:24.652250,[ 1114,2920,2195,953,2489 ]
722,20:37:24.669255,[ 1114,2920,2195,953,2489 ]
723,20:37:24.681257,[ 1114,2920,2195,953,2489 ]
724,20:37:24.696260,[ 1098,2912,2173,915,2410 ]
725,20:37:24.712264,[ 1098,2912,2173,915,2410 ]
726,20:37:24.726267,[ 1084,2866,2156,885,2361 ]
727,20:37:24.742271,[ 1084,2866,2156,885,2361 ]
728,20:37:24.758274,[ 1084,2866,2156,885,2361 ]
729,20:37:24.773277,[ 1070,2820,2142,860,2301 ]
730,20:37:24.789281,[ 1070,2820,2142,860,2301 ]
731,20:37:24.801284,[ 1070,2820,2142,860,2301 ]
732,20:37:24.816287,[ 1034,2778,2129,840,2253 ]
733,20:37:24.832291,[ 1034,2778,2129,840,2253 ]
734,20:37:24.846294,[ 1034,2778,2129,840,2253 ]
735,20:37:24.863298,[ 973,2735,2116,824,2215 ]
736,20:37:24.879301,[ 973,2735,2116,824,2215 ]
737,20:37:24.892305,[ 973,2735,2116,824,2215 ]
738,20:37:24.906308,[ 936,2670,2103,811,2180 ]
739,20:37:24.922311,[ 936,2670,2103,811,2180 ]
740,20:37:24.939316,[ 936,2670,2103,811,2180 ]
741,20:37:24.959320,[ 915,2666,2094,803,2129 ]
742,20:37:24.976324,[ 915,2666,2094,803,2129 ]
743,20:37:24.994328,[ 903,2637,2084,800,2068 ]
744,20:37:25.010332,[ 903,2637,2084,800,2068 ]
745,20:37:25.026161,[ 898,2009,2072,801,2033 ]
746,20:37:25.043164,[ 898,2009,2072,801,2033 ]
747,20:37:25.058168,[ 898,2009,2072,801,2033 ]
748,20:37:25.075172,[ 898,2512,2060,807,1992 ]
749,20:37:25.089175,[ 898,2512,2060,807,1992 ]
750,20:37:25.103178,[ 900,2485,2050,821,1928 ]
751,20:37:25.119180,[ 900,2485,2050,821,1928 ]
752,20:37:25.137186,[ 905,2466,2038,1798,861 ]
753,20:37:25.152189,[ 905,2466,2038,1798,861 ]
754,20:37:25.165192,[ 905,2466,2038,1798,861 ]
755,20:37:25.182196,[ 912,2453,2026,1778,797 ]
756,20:37:25.196199,[ 912,2453,2026,1778,797 ]
757,20:37:25.213202,[ 916,2445,2012,1758,761 ]
758,20:37:25.229206,[ 916,2445,2012,1758,761 ]
759,20:37:25.246210,[ 901,2446,1998,1738,733 ]
760,20:37:25.262214,[ 901,2446,1998,1738,733 ]
761,20:37:25.280218,[ 887,2449,1984,1716,711 ]
762,20:37:25.295221,[ 887,2449,1984,1716,711 ]
763,20:37:25.312224,[ 872,2425,1969,1696,691 ]
764,20:37:25.329229,[ 872,2425,1969,1696,691 ]
765,20:37:25.345232,[ 872,2425,1969,1696,691 ]
766,20:37:25.362235,[ 857,2400,1953,1676,675 ]
767,20:37:25.379240,[ 857,2400,1953,1676,675 ]
768,20:37:25.396244,[ 842,2375,1938,1656,661 ]
769,20:37:25.413247,[ 842,2375,1938,1656,661 ]
770,20:37:25.430253,[ 827,2350,1923,1636,650 ]
771,20:37:25.446256,[ 827,2350,1923,1636,650 ]
772,20:37:25.466260,[ 810,2323,1906,1614,639 ]
773,20:37:25.483263,[ 810,2323,1906,1614,639 ]
774,20:37:25.502268,[ 793,2296,1888,1593,630 ]
775,20:37:25.520272,[ 793,2296,1888,1593,630 ]
776,20:37:25.547280,[ 776,2270,1871,1572,624 ]
777,20:37:25.564281,[ 776,2270,1871,1572,624 ]
778,20:37:25.580286,[ 755,2237,1849,1545,620 ]
779,20:37:25.596290,[ 755,2237,1849,1545,620 ]
780,20:37:25.614295,[ 753,2209,1829,1525,621 ]
781,20:37:25.629297,[ 753,2209,1829,1525,621 ]
782,20:37:25.642299,[ 753,2209,1829,1525,621 ]
783,20:37:25.658303,[ 758,2182,1818,1504,631 ]
784,20:37:25.672307,[ 758,2182,1818,1504,631 ]
785,20:37:25.686309,[ 758,2160,1810,1490,670 ]
786,20:37:25.703313,[ 758,2160,1810,1490,670 ]
787,20:37:25.719317,[ 758,2160,1810,1490,670 ]
788,20:37:25.740323,[ 801,2139,1808,1477,1425 ]
789,20:37:25.756325,[ 801,2139,1808,1477,1425 ]
790,20:37:25.774329,[ 798,1828,1799,1459,1401 ]
791,20:37:25.790333,[ 798,1828,1799,1459,1401 ]
792,20:37:25.808336,[ 796,1786,1789,1445,1382 ]
793,20:37:25.823343,[ 796,1786,1789,1445,1382 ]
794,20:37:25.841347,[ 796,1757,1785,1430,1362 ]
795,20:37:25.855351,[ 796,1757,1785,1430,1362 ]
796,20:37:25.873354,[ 796,1730,1780,1415,1342 ]
797,20:37:25.891358,[ 796,1730,1780,1415,1342 ]
798,20:37:25.911363,[ 796,1730,1780,1415,1342 ]
799,20:37:25.932367,[ 797,1700,1768,1393,1313 ]
800,20:37:25.952372,[ 797,1700,1768,1393,1313 ]
801,20:37:25.977378,[ 799,1676,1755,1375,1291 ]
802,20:37:25.998381,[ 799,1676,1755,1375,1291 ]
803,20:37:26.013385,[ 799,1676,1755,1375,1291 ]
804,20:37:26.029390,[ 801,1647,1756,1363,1275 ]
805,20:37:26.045393,[ 801,1647,1756,1363,1275 ]
806,20:37:26.064398,[ 803,1624,1757,1359,1270 ]
807,20:37:26.079401,[ 803,1624,1757,1359,1270 ]
808,20:37:26.093404,[ 803,1624,1757,1359,1270 ]
809,20:37:26.113409,[ 805,1604,1782,1359,1270 ]
810,20:37:26.128900,[ 805,1604,1782,1359,1270 ]
811,20:37:26.143902,[ 806,1586,1807,1364,1274 ]
812,20:37:26.158907,[ 806,1586,1807,1364,1274 ]
813,20:37:26.171910,[ 806,1586,1807,1364,1274 ]
814,20:37:26.188913,[ 808,1571,1856,1372,1282 ]
815,20:37:26.205918,[ 808,1571,1856,1372,1282 ]
816,20:37:26.222921,[ 810,1562,1886,1383,1292 ]
817,20:37:26.238924,[ 810,1562,1886,1383,1292 ]
818,20:37:26.253928,[ 812,1558,1911,1393,1304 ]
819,20:37:26.268931,[ 812,1558,1911,1393,1304 ]
820,20:37:26.281934,[ 812,1558,1911,1393,1304 ]
821,20:37:26.298938,[ 815,1559,1932,1401,1316 ]
822,20:37:26.316941,[ 818,1574,1951,1406,1325 ]
823,20:37:26.331453,[ 818,1574,1951,1406,1325 ]
824,20:37:26.344457,[ 818,1574,1951,1406,1325 ]
825,20:37:26.361460,[ 822,2287,1986,1412,1335 ]
826,20:37:26.375463,[ 822,2287,1986,1412,1335 ]
827,20:37:26.389466,[ 822,2287,1986,1412,1335 ]
828,20:37:26.405469,[ 825,2324,2020,1419,1342 ]
829,20:37:26.418473,[ 825,2324,2020,1419,1342 ]
830,20:37:26.433476,[ 826,2358,2064,1428,1348 ]
831,20:37:26.449480,[ 826,2358,2064,1428,1348 ]
832,20:37:26.466484,[ 824,2404,2110,1439,1354 ]
833,20:37:26.482487,[ 824,2404,2110,1439,1354 ]
834,20:37:26.500491,[ 819,2466,2149,1453,1359 ]
835,20:37:26.516495,[ 819,2466,2149,1453,1359 ]
836,20:37:26.534499,[ 812,2544,2218,1466,1361 ]
837,20:37:26.548503,[ 812,2544,2218,1466,1361 ]
838,20:37:26.567506,[ 803,2629,2205,1487,1361 ]
839,20:37:26.582510,[ 803,2629,2205,1487,1361 ]
840,20:37:26.599513,[ 792,2712,2235,1518,1360 ]
841,20:37:26.615518,[ 792,2712,2235,1518,1360 ]
842,20:37:26.633523,[ 779,2792,2236,1548,1357 ]
843,20:37:26.649525,[ 779,2792,2236,1548,1357 ]
844,20:37:26.665529,[ 779,2792,2236,1548,1357 ]
845,20:37:26.682532,[ 764,2666,2234,1524,1347 ]
846,20:37:26.699536,[ 764,2666,2234,1524,1347 ]
847,20:37:26.717541,[ 752,2513,2230,1482,1338 ]
848,20:37:26.732544,[ 752,2513,2230,1482,1338 ]
849,20:37:26.746546,[ 739,2375,2224,1459,1330 ]
850,20:37:26.763551,[ 739,2375,2224,1459,1330 ]
851,20:37:26.779555,[ 739,2375,2224,1459,1330 ]
852,20:37:26.796558,[ 730,2275,2218,1450,1324 ]
853,20:37:26.812563,[ 730,2275,2218,1450,1324 ]
854,20:37:26.829566,[ 722,2194,2210,1454,1317 ]
855,20:37:26.845570,[ 722,2194,2210,1454,1317 ]
856,20:37:26.862573,[ 714,2124,2201,1469,1311 ]
857,20:37:26.880578,[ 708,2064,2167,1483,1304 ]
858,20:37:26.895580,[ 708,2064,2167,1483,1304 ]
859,20:37:26.912586,[ 702,2012,2212,1720,1298 ]
860,20:37:26.929587,[ 702,2012,2212,1720,1298 ]
861,20:37:26.945592,[ 702,2012,2212,1720,1298 ]
862,20:37:26.961596,[ 696,1745,2190,1731,1292 ]
863,20:37:26.975598,[ 696,1745,2190,1731,1292 ]
864,20:37:26.991602,[ 691,1708,2178,1740,1287 ]
865,20:37:27.005606,[ 691,1708,2178,1740,1287 ]
866,20:37:27.024609,[ 686,1671,2163,1745,1281 ]
867,20:37:27.039613,[ 686,1671,2163,1745,1281 ]
868,20:37:27.058617,[ 680,1631,2152,1755,1274 ]
869,20:37:27.072621,[ 680,1631,2152,1755,1274 ]
870,20:37:27.092625,[ 673,1587,2146,1763,1271 ]
871,20:37:27.106628,[ 673,1587,2146,1763,1271 ]
872,20:37:27.126212,[ 666,1544,2145,1770,1268 ]
873,20:37:27.144216,[ 666,1544,2145,1770,1268 ]
874,20:37:27.161219,[ 659,1502,2150,1776,1270 ]
875,20:37:27.177224,[ 659,1502,2150,1776,1270 ]
876,20:37:27.194228,[ 653,1467,2151,1782,1269 ]
877,20:37:27.209230,[ 653,1467,2151,1782,1269 ]
878,20:37:27.227234,[ 647,1436,2140,1780,1266 ]
879,20:37:27.247238,[ 647,1436,2140,1780,1266 ]
880,20:37:27.266243,[ 647,1436,2140,1780,1266 ]
881,20:37:27.289248,[ 639,1398,2113,1774,1262 ]
882,20:37:27.310252,[ 639,1398,2113,1774,1262 ]
883,20:37:27.330257,[ 639,1398,2113,1774,1262 ]
884,20:37:27.351262,[ 632,1365,2086,1767,1257 ]
885,20:37:27.368266,[ 632,1365,2086,1767,1257 ]
886,20:37:27.390271,[ 627,1341,2064,1760,1253 ]
887,20:37:27.405274,[ 627,1341,2064,1760,1253 ]
888,20:37:27.420278,[ 623,1321,2045,1753,1249 ]
889,20:37:27.434282,[ 623,1321,2045,1753,1249 ]
890,20:37:27.449284,[ 623,1321,2045,1753,1249 ]
891,20:37:27.465288,[ 619,1306,2026,1747,1246 ]
892,20:37:27.479291,[ 619,1306,2026,1747,1246 ]
893,20:37:27.495295,[ 616,1292,2009,1744,1242 ]
894,20:37:27.509298,[ 616,1292,2009,1744,1242 ]
895,20:37:27.528302,[ 612,1279,1991,1741,1185 ]
896,20:37:27.542305,[ 612,1279,1991,1741,1185 ]
897,20:37:27.562310,[ 609,1266,1259,1737,1150 ]
898,20:37:27.580314,[ 609,1266,1259,1737,1150 ]
899,20:37:27.595317,[ 605,1250,1238,1737,1130 ]
900,20:37:27.608320,[ 605,1250,1238,1737,1130 ]
901,20:37:27.623830,[ 599,1229,1219,1737,1114 ]
902,20:37:27.638832,[ 599,1229,1219,1737,1114 ]
903,20:37:27.656836,[ 593,1204,1205,1748,1106 ]
904,20:37:27.671840,[ 593,1204,1205,1748,1106 ]
905,20:37:27.687842,[ 585,1174,1909,1758,1109 ]
906,20:37:27.703847,[ 585,1174,1909,1758,1109 ]
907,20:37:27.720850,[ 578,1148,1895,1767,1125 ]
908,20:37:27.735855,[ 578,1148,1895,1767,1125 ]
909,20:37:27.752858,[ 571,1123,654,1777,1150 ]
910,20:37:27.768862,[ 571,1123,654,1777,1150 ]
911,20:37:27.786866,[ 563,1096,1877,1771,1244 ]
912,20:37:27.803868,[ 563,1096,1877,1771,1244 ]
913,20:37:27.819876,[ 554,1065,1883,1708,1250 ]
914,20:37:27.836875,[ 554,1065,1883,1708,1250 ]
915,20:37:27.853880,[ 554,1065,1883,1708,1250 ]
916,20:37:27.869885,[ 544,1034,1896,1700,1255 ]
917,20:37:27.886889,[ 544,1034,1896,1700,1255 ]
918,20:37:27.904893,[ 534,1000,1910,1666,1260 ]
919,20:37:27.918895,[ 534,1000,1910,1666,1260 ]
920,20:37:27.935899,[ 524,970,1925,1635,1265 ]
921,20:37:27.951902,[ 524,970,1925,1635,1265 ]
922,20:37:27.968906,[ 514,940,1941,1606,1268 ]
923,20:37:27.985910,[ 504,911,1957,1578,1273 ]
924,20:37:28.001914,[ 504,911,1957,1578,1273 ]
925,20:37:28.014917,[ 504,911,1957,1578,1273 ]
926,20:37:28.031920,[ 492,877,1972,1546,1274 ]
927,20:37:28.044923,[ 492,877,1972,1546,1274 ]
928,20:37:28.058926,[ 480,845,1982,1517,1278 ]
929,20:37:28.074930,[ 480,845,1982,1517,1278 ]
930,20:37:28.089933,[ 469,816,1985,1490,1278 ]
931,20:37:28.105937,[ 469,816,1985,1490,1278 ]
932,20:37:28.119941,[ 458,787,1989,1473,1279 ]
933,20:37:28.135944,[ 458,787,1989,1473,1279 ]
934,20:37:28.149947,[ 446,758,1989,1432,1288 ]
935,20:37:28.165951,[ 446,758,1989,1432,1288 ]
936,20:37:28.178954,[ 435,736,1887,1403,1293 ]
937,20:37:28.194958,[ 435,736,1887,1403,1293 ]
938,20:37:28.212962,[ 425,715,1765,1089,1303 ]
939,20:37:28.228965,[ 425,715,1765,1089,1303 ]
940,20:37:28.246970,[ 414,694,1654,1368,1316 ]
941,20:37:28.261974,[ 414,694,1654,1368,1316 ]
942,20:37:28.280977,[ 404,661,1562,405,1328 ]
943,20:37:28.295980,[ 404,661,1562,405,1328 ]
944,20:37:28.312984,[ 394,637,1480,895,1331 ]
945,20:37:28.328988,[ 394,637,1480,895,1331 ]
946,20:37:28.345992,[ 383,615,1404,882,1350 ]
947,20:37:28.361996,[ 383,615,1404,882,1350 ]
948,20:37:28.379000,[ 454,595,1336,1359,1338 ]
949,20:37:28.395003,[ 454,595,1336,1359,1338 ]
950,20:37:28.409006,[ 454,595,1336,1359,1338 ]
951,20:37:28.428084,[ 442,576,1271,1373,1326 ]
952,20:37:28.442086,[ 442,576,1271,1373,1326 ]
953,20:37:28.462091,[ 432,560,1220,1391,1325 ]
954,20:37:28.480096,[ 422,544,1005,1414,1330 ]
955,20:37:28.495099,[ 422,544,1005,1414,1330 ]
956,20:37:28.509102,[ 422,544,1005,1414,1330 ]
957,20:37:28.528106,[ 412,527,961,1443,1343 ]
958,20:37:28.542109,[ 412,527,961,1443,1343 ]
959,20:37:28.556113,[ 401,511,920,1505,1364 ]
960,20:37:28.572117,[ 401,511,920,1505,1364 ]
961,20:37:28.589120,[ 392,498,889,1616,1393 ]
962,20:37:28.612124,[ 392,498,889,1616,1393 ]
963,20:37:28.635130,[ 382,484,860,1778,1440 ]
964,20:37:28.656134,[ 382,484,860,1778,1440 ]
965,20:37:28.679140,[ 371,475,834,1687,1494 ]
966,20:37:28.702145,[ 362,472,817,1647,1544 ]
967,20:37:28.721546,[ 362,472,817,1647,1544 ]
968,20:37:28.735549,[ 362,472,817,1647,1544 ]
969,20:37:28.752553,[ 353,458,805,1617,1598 ]
970,20:37:28.768558,[ 353,458,805,1617,1598 ]
971,20:37:28.787561,[ 347,448,799,1598,1643 ]
972,20:37:28.801567,[ 347,448,799,1598,1643 ]
973,20:37:28.815567,[ 340,440,797,1581,1694 ]
974,20:37:28.831571,[ 340,440,797,1581,1694 ]
975,20:37:28.845575,[ 340,440,797,1581,1694 ]
976,20:37:28.863578,[ 333,434,799,1569,1747 ]
977,20:37:28.878581,[ 333,434,799,1569,1747 ]
978,20:37:28.896586,[ 328,430,969,1563,1798 ]
979,20:37:28.911589,[ 328,430,969,1563,1798 ]
980,20:37:28.930101,[ 323,427,984,1566,1850 ]
981,20:37:28.945105,[ 323,427,984,1566,1850 ]
982,20:37:28.959107,[ 323,427,984,1566,1850 ]
983,20:37:28.977112,[ 318,423,998,1580,1902 ]
984,20:37:28.992115,[ 318,423,998,1580,1902 ]
985,20:37:29.005118,[ 314,420,1010,1859,1948 ]
986,20:37:29.022121,[ 314,420,1010,1859,1948 ]
987,20:37:29.039126,[ 309,417,1022,1852,1993 ]
988,20:37:29.055131,[ 309,417,1022,1852,1993 ]
989,20:37:29.074133,[ 317,414,1032,1847,2038 ]
990,20:37:29.088136,[ 317,414,1032,1847,2038 ]
991,20:37:29.102140,[ 308,411,1042,1844,2080 ]
992,20:37:29.118143,[ 308,411,1042,1844,2080 ]
993,20:37:29.132146,[ 308,411,1042,1844,2080 ]
994,20:37:29.148150,[ 300,408,1051,1842,2119 ]
995,20:37:29.162153,[ 300,408,1051,1842,2119 ]
996,20:37:29.177156,[ 294,404,1058,1844,2159 ]
997,20:37:29.192160,[ 294,404,1058,1844,2159 ]
998,20:37:29.207163,[ 290,401,1065,1854,2192 ]
999,20:37:29.222166,[ 290,401,1065,1854,2192 ]
1000,20:37:29.237172,[ 286,398,1070,3444,2223 ]
1001,20:37:29.252174,[ 286,398,1070,3444,2223 ]
1002,20:37:29.269178,[ 282,394,1075,3460,654 ]
1003,20:37:29.286181,[ 282,394,1075,3460,654 ]
1004,20:37:29.302185,[ 278,392,1086,3463,453 ]
1005,20:37:29.318188,[ 278,392,1086,3463,453 ]
1006,20:37:29.333192,[ 275,390,1104,3451,431 ]
1007,20:37:29.348195,[ 275,390,1104,3451,431 ]
1008,20:37:29.361199,[ 275,390,1104,3451,431 ]
1009,20:37:29.377203,[ 273,390,1136,3411,412 ]
1010,20:37:29.392205,[ 273,390,1136,3411,412 ]
1011,20:37:29.410209,[ 271,391,1177,3367,398 ]
1012,20:37:29.425212,[ 271,391,1177,3367,398 ]
1013,20:37:29.442216,[ 270,394,1232,3306,386 ]
1014,20:37:29.459219,[ 270,394,1232,3306,386 ]
1015,20:37:29.476225,[ 270,394,1232,3306,386 ]
1016,20:37:29.495228,[ 269,399,1310,3209,375 ]
1017,20:37:29.509231,[ 269,399,1310,3209,375 ]
1018,20:37:29.528236,[ 270,405,1408,3131,369 ]
1019,20:37:29.542239,[ 270,405,1408,3131,369 ]
1020,20:37:29.558242,[ 270,405,1408,3131,369 ]
1021,20:37:29.575246,[ 271,414,1542,3047,2408 ]
1022,20:37:29.588249,[ 271,414,1542,3047,2408 ]
1023,20:37:29.603252,[ 273,425,1564,2847,2458 ]
1024,20:37:29.618255,[ 273,425,1564,2847,2458 ]
1025,20:37:29.633259,[ 273,425,1564,2847,2458 ]
1026,20:37:29.648263,[ 277,559,1541,2813,2462 ]
1027,20:37:29.662266,[ 277,559,1541,2813,2462 ]
1028,20:37:29.678269,[ 280,575,1216,2807,2405 ]
1029,20:37:29.695273,[ 280,575,1216,2807,2405 ]
1030,20:37:29.714278,[ 284,592,1165,2685,2343 ]
1031,20:37:29.728285,[ 284,592,1165,2685,2343 ]
1032,20:37:29.742288,[ 284,592,1165,2685,2343 ]
1033,20:37:29.758291,[ 287,609,1128,2518,2277 ]
1034,20:37:29.771294,[ 287,609,1128,2518,2277 ]
1035,20:37:29.786298,[ 291,626,1099,2374,2214 ]
1036,20:37:29.801301,[ 291,626,1099,2374,2214 ]
1037,20:37:29.815304,[ 291,626,1099,2374,2214 ]
1038,20:37:29.831308,[ 295,643,1073,2207,2110 ]
1039,20:37:29.845312,[ 295,643,1073,2207,2110 ]
1040,20:37:29.858315,[ 299,660,1050,1895,2047 ]
1041,20:37:29.874317,[ 299,660,1050,1895,2047 ]
1042,20:37:29.889320,[ 299,660,1050,1895,2047 ]
1043,20:37:29.908326,[ 304,683,1027,1852,1982 ]
1044,20:37:29.921330,[ 304,683,1027,1852,1982 ]
1045,20:37:29.942333,[ 312,713,1006,1814,1910 ]
1046,20:37:29.967338,[ 312,713,1006,1814,1910 ]
1047,20:37:29.992345,[ 408,749,984,1720,1842 ]
1048,20:37:30.015349,[ 408,749,984,1720,1842 ]
1049,20:37:30.040355,[ 408,749,984,1720,1842 ]
1050,20:37:30.060360,[ 418,790,962,1631,1705 ]
1051,20:37:30.081365,[ 418,790,962,1631,1705 ]
1052,20:37:30.103369,[ 429,831,942,1566,1670 ]
1053,20:37:30.119373,[ 429,831,942,1566,1670 ]
1054,20:37:30.135376,[ 429,831,942,1566,1670 ]
1055,20:37:30.149380,[ 437,863,929,1524,1627 ]
1056,20:37:30.165383,[ 437,863,929,1524,1627 ]
1057,20:37:30.179386,[ 444,891,918,1488,1585 ]
1058,20:37:30.195390,[ 444,891,918,1488,1585 ]
1059,20:37:30.209393,[ 444,891,918,1488,1585 ]
1060,20:37:30.228398,[ 452,921,908,1451,1546 ]
1061,20:37:30.242401,[ 452,921,908,1451,1546 ]
1062,20:37:30.260405,[ 459,951,899,1433,1532 ]
1063,20:37:30.275408,[ 459,951,899,1433,1532 ]
1064,20:37:30.291412,[ 467,980,894,1430,1540 ]
1065,20:37:30.308415,[ 467,980,894,1430,1540 ]
1066,20:37:30.325420,[ 467,980,894,1430,1540 ]
1067,20:37:30.341423,[ 474,1009,894,1444,1574 ]
1068,20:37:30.355426,[ 474,1009,894,1444,1574 ]
1069,20:37:30.372431,[ 481,1039,912,1500,1568 ]
1070,20:37:30.388433,[ 481,1039,912,1500,1568 ]
1071,20:37:30.401437,[ 481,1039,912,1500,1568 ]
1072,20:37:30.418441,[ 488,1068,1192,1551,1565 ]
1073,20:37:30.431443,[ 488,1068,1192,1551,1565 ]
1074,20:37:30.447446,[ 495,1097,1192,1617,1571 ]
1075,20:37:30.462450,[ 495,1097,1192,1617,1571 ]
1076,20:37:30.479455,[ 503,1128,1207,1868,2160 ]
1077,20:37:30.494457,[ 503,1128,1207,1868,2160 ]
1078,20:37:30.508463,[ 503,1128,1207,1868,2160 ]
1079,20:37:30.523914,[ 511,1125,5000,1870,4961 ]
1080,20:37:30.541918,[ 511,1125,5000,1870,4961 ]
1081,20:37:30.560922,[ 518,1104,5000,5000,4954 ]
1082,20:37:30.578927,[ 518,1104,5000,5000,4954 ]
1083,20:37:30.595931,[ 525,1086,5000,5000,4867 ]
1084,20:37:30.611935,[ 525,1086,5000,5000,4867 ]
1085,20:37:30.628937,[ 533,1066,5000,5000,4839 ]
1086,20:37:30.644941,[ 533,1066,5000,5000,4839 ]
1087,20:37:30.657944,[ 533,1066,5000,5000,4839 ]
1088,20:37:30.674948,[ 540,1048,5000,5000,4862 ]
1089,20:37:30.687951,[ 540,1048,5000,5000,4862 ]
1090,20:37:30.709956,[ 547,1038,5000,5000,5000 ]
1091,20:37:30.724958,[ 547,1038,5000,5000,5000 ]
1092,20:37:30.740963,[ 554,1122,5000,5000,5000 ]
1093,20:37:30.754966,[ 554,1122,5000,5000,5000 ]
1094,20:37:30.768970,[ 561,1076,5000,5000,5000 ]
1095,20:37:30.784971,[ 561,1076,5000,5000,5000 ]
1096,20:37:30.799980,[ 568,1084,5000,5000,5000 ]
1097,20:37:30.814979,[ 568,1084,5000,5000,5000 ]
1098,20:37:30.827877,[ 568,1084,5000,5000,5000 ]
1099,20:37:30.843881,[ 575,1092,5000,5000,5000 ]
1100,20:37:30.857884,[ 575,1092,5000,5000,5000 ]
1101,20:37:30.872887,[ 582,1099,5000,1716,5000 ]
1102,20:37:30.887891,[ 582,1099,5000,1716,5000 ]
1103,20:37:30.900894,[ 589,1108,5000,1696,5000 ]
1104,20:37:30.914897,[ 589,1108,5000,1696,5000 ]
1105,20:37:30.928899,[ 589,1108,5000,1696,5000 ]
1106,20:37:30.946905,[ 581,1116,5000,1682,5000 ]
1107,20:37:30.961908,[ 581,1116,5000,1682,5000 ]
1108,20:37:30.975912,[ 571,1125,5000,1670,5000 ]
1109,20:37:30.991914,[ 571,1125,5000,1670,5000 ]
1110,20:37:31.005917,[ 576,1125,5000,5000,5000 ]
1111,20:37:31.021921,[ 576,1125,5000,5000,5000 ]
1112,20:37:31.039926,[ 579,1117,4984,5000,5000 ]
1113,20:37:31.055928,[ 579,1117,4984,5000,5000 ]
1114,20:37:31.072932,[ 579,1100,4890,5000,5000 ]
1115,20:37:31.088936,[ 579,1100,4890,5000,5000 ]
1116,20:37:31.105939,[ 578,1077,4829,5000,3896 ]
1117,20:37:31.121944,[ 578,1077,4829,5000,3896 ]
1118,20:37:31.138949,[ 578,1077,4829,5000,3896 ]
1119,20:37:31.154952,[ 575,1045,4774,5000,3793 ]
1120,20:37:31.171955,[ 575,1045,4774,5000,3793 ]
1121,20:37:31.191960,[ 570,1012,4735,5000,3729 ]
1122,20:37:31.209963,[ 570,1012,4735,5000,3729 ]
1123,20:37:31.227967,[ 564,973,4706,1298,3677 ]
1124,20:37:31.241970,[ 564,973,4706,1298,3677 ]
1125,20:37:31.258974,[ 557,940,4694,1242,3644 ]
1126,20:37:31.274977,[ 557,940,4694,1242,3644 ]
1127,20:37:31.290982,[ 550,905,4697,1227,3620 ]
1128,20:37:31.304985,[ 550,905,4697,1227,3620 ]
1129,20:37:31.320988,[ 542,871,4727,5000,3606 ]
1130,20:37:31.337992,[ 542,871,4727,5000,3606 ]
1131,20:37:31.362998,[ 531,830,5000,5000,3604 ]
1132,20:37:31.386003,[ 521,790,3547,5000,3620 ]
1133,20:37:31.407008,[ 521,790,3547,5000,3620 ]
1134,20:37:31.428012,[ 508,745,3477,2003,3671 ]
1135,20:37:31.449017,[ 508,745,3477,2003,3671 ]
1136,20:37:31.471023,[ 495,700,3455,1877,3848 ]
1137,20:37:31.485026,[ 495,700,3455,1877,3848 ]
1138,20:37:31.499029,[ 481,656,3492,1810,5000 ]
1139,20:37:31.515032,[ 481,656,3492,1810,5000 ]
1140,20:37:31.529034,[ 481,656,3492,1810,5000 ]
1141,20:37:31.548040,[ 468,623,5000,1768,5000 ]
1142,20:37:31.562043,[ 468,623,5000,1768,5000 ]
1143,20:37:31.579047,[ 456,608,5000,1739,5000 ]
1144,20:37:31.595050,[ 456,608,5000,1739,5000 ]
1145,20:37:31.614055,[ 445,593,5000,1720,1097 ]
1146,20:37:31.628058,[ 445,593,5000,1720,1097 ]
1147,20:37:31.642060,[ 445,593,5000,1720,1097 ]
1148,20:37:31.661066,[ 435,5000,5000,1709,1030 ]
1149,20:37:31.677069,[ 435,5000,5000,1709,1030 ]
1150,20:37:31.695072,[ 426,5000,5000,1705,994 ]
1151,20:37:31.713077,[ 426,5000,5000,1705,994 ]
1152,20:37:31.729081,[ 416,5000,5000,1708,965 ]
1153,20:37:31.745084,[ 416,5000,5000,1708,965 ]
1154,20:37:31.759089,[ 408,5000,5000,1723,946 ]
1155,20:37:31.775091,[ 408,5000,5000,1723,946 ]
1156,20:37:31.788094,[ 408,5000,5000,1723,946 ]
1157,20:37:31.805098,[ 5000,5000,5000,1762,933 ]
1158,20:37:31.818101,[ 5000,5000,5000,1762,933 ]
1159,20:37:31.834103,[ 5000,5000,5000,5000,927 ]
1160,20:37:31.851110,[ 5000,5000,5000,5000,927 ]
1161,20:37:31.868113,[ 5000,5000,5000,5000,927 ]
1162,20:37:31.882114,[ 5000,5000,5000,5000,936 ]
1163,20:37:31.898118,[ 5000,5000,5000,5000,936 ]
1164,20:37:31.916122,[ 5000,5000,5000,5000,958 ]
1165,20:37:31.932127,[ 5000,5000,5000,5000,958 ]
1166,20:37:31.945130,[ 5000,5000,5000,5000,1020 ]
1167,20:37:31.962133,[ 5000,5000,5000,5000,1020 ]
1168,20:37:31.975138,[ 5000,5000,5000,5000,5000 ]
1169,20:37:31.991140,[ 5000,5000,5000,5000,5000 ]
1170,20:37:32.005142,[ 5000,5000,5000,5000,5000 ]
1171,20:37:32.022148,[ 5000,5000,5000,5000,5000 ]
1172,20:37:32.035151,[ 5000,5000,5000,5000,5000 ]
1173,20:37:32.051154,[ 5000,5000,5000,5000,5000 ]
1174,20:37:32.064157,[ 5000,5000,5000,5000,5000 ]
1175,20:37:32.080160,[ 5000,5000,5000,5000,5000 ]
1176,20:37:32.095162,[ 5000,5000,5000,5000,5000 ]
1177,20:37:32.111166,[ 5000,5000,5000,5000,5000 ]
1178,20:37:32.125171,[ 5000,5000,5000,5000,5000 ]
1179,20:37:32.141174,[ 5000,5000,5000,5000,5000 ]
1180,20:37:32.155176,[ 5000,5000,5000,5000,5000 ]
1181,20:37:32.172181,[ 5000,5000,5000,5000,5000 ]
1182,20:37:32.188185,[ 5000,5000,5000,5000,5000 ]
1183,20:37:32.205189,[ 5000,5000,5000,5000,5000 ]
1184,20:37:32.220191,[ 5000,5000,5000,5000,5000 ]
1185,20:37:32.236195,[ 5000,5000,5000,5000,5000 ]
1186,20:37:32.252199,[ 5000,5000,5000,5000,5000 ]
1187,20:37:32.271203,[ 5000,5000,5000,5000,5000 ]
1188,20:37:32.286206,[ 5000,5000,5000,5000,5000 ]
1189,20:37:32.305210,[ 5000,5000,5000,5000,5000 ]
1190,20:37:32.319214,[ 5000,5000,5000,5000,5000 ]
1191,20:37:32.335217,[ 5000,5000,5000,5000,5000 ]
1192,20:37:32.353223,[ 5000,5000,5000,5000,5000 ]
1193,20:37:32.369225,[ 5000,5000,5000,5000,5000 ]
1194,20:37:32.386228,[ 5000,5000,5000,5000,5000 ]
1195,20:37:32.401232,[ 5000,5000,5000,5000,5000 ]
1196,20:37:32.415236,[ 5000,5000,5000,5000,5000 ]
1197,20:37:32.433240,[ 5000,5000,5000,5000,5000 ]
1198,20:37:32.450243,[ 5000,5000,5000,5000,5000 ]
1199,20:37:32.465246,[ 5000,5000,5000,5000,5000 ]
1200,20:37:32.479251,[ 5000,5000,5000,5000,5000 ]
1201,20:37:32.494253,[ 5000,5000,5000,5000,5000 ]
1202,20:37:32.509257,[ 5000,5000,5000,5000,5000 ]
1203,20:37:32.524260,[ 5000,5000,5000,5000,5000 ]
1204,20:37:32.539263,[ 5000,5000,5000,5000,5000 ]
1205,20:37:32.555267,[ 5000,5000,5000,5000,5000 ]
1206,20:37:32.570269,[ 5000,5000,5000,5000,5000 ]
1207,20:37:32.589278,[ 5000,5000,5000,5000,5000 ]
1208,20:37:32.605279,[ 5000,5000,5000,5000,5000 ]
1209,20:37:32.620282,[ 5000,5000,5000,5000,5000 ]
1210,20:37:32.635289,[ 5000,5000,5000,5000,5000 ]
1211,20:37:32.650292,[ 5000,5000,5000,5000,5000 ]
1212,20:37:32.664295,[ 5000,5000,5000,5000,5000 ]
1213,20:37:32.684299,[ 5000,5000,5000,5000,5000 ]
1214,20:37:32.705305,[ 5000,5000,5000,5000,5000 ]
1215,20:37:32.729310,[ 5000,5000,5000,5000,5000 ]
1216,20:37:32.752315,[ 5000,5000,5000,5000,5000 ]
1217,20:37:32.774321,[ 5000,5000,5000,5000,5000 ]
1218,20:37:32.797325,[ 5000,5000,5000,5000,5000 ]
1219,20:37:32.817330,[ 5000,5000,5000,5000,5000 ]
1220,20:37:32.838336,[ 5000,5000,5000,5000,5000 ]
1221,20:37:32.857339,[ 5000,5000,5000,5000,5000 ]
1222,20:37:32.871343,[ 5000,5000,5000,5000,5000 ]
1223,20:37:32.888346,[ 5000,5000,5000,5000,5000 ]
1224,20:37:32.905349,[ 5000,5000,5000,5000,5000 ]
1225,20:37:32.923353,[ 5000,5000,5000,5000,5000 ]
1226,20:37:32.939357,[ 5000,5000,5000,5000,5000 ]
1227,20:37:32.955361,[ 5000,5000,5000,5000,5000 ]
1228,20:37:32.974365,[ 5000,5000,5000,5000,5000 ]
1229,20:37:32.992369,[ 5000,5000,5000,5000,5000 ]
1230,20:37:33.008373,[ 5000,5000,5000,5000,5000 ]
1231,20:37:33.025377,[ 5000,5000,5000,5000,5000 ]
1232,20:37:33.041381,[ 5000,5000,5000,5000,5000 ]
1233,20:37:33.055383,[ 5000,5000,5000,5000,5000 ]
1234,20:37:33.072386,[ 5000,5000,5000,5000,5000 ]
1235,20:37:33.090392,[ 5000,5000,5000,5000,5000 ]
1236,20:37:33.105394,[ 5000,5000,5000,5000,5000 ]
1237,20:37:33.121399,[ 5000,5000,5000,5000,5000 ]
1238,20:37:33.138402,[ 5000,5000,5000,5000,5000 ]
1239,20:37:33.154406,[ 5000,5000,5000,5000,5000 ]
1240,20:37:33.169409,[ 5000,5000,5000,5000,5000 ]
1241,20:37:33.184412,[ 5000,5000,5000,5000,5000 ]
1242,20:37:33.199415,[ 5000,5000,5000,5000,5000 ]
1243,20:37:33.215420,[ 5000,5000,5000,5000,5000 ]
1244,20:37:33.228422,[ 5000,5000,5000,5000,5000 ]
1245,20:37:33.245426,[ 5000,5000,5000,5000,5000 ]
1246,20:37:33.263431,[ 5000,5000,5000,5000,5000 ]
1247,20:37:33.278434,[ 5000,5000,5000,5000,5000 ]
1248,20:37:33.292438,[ 5000,5000,5000,5000,5000 ]
1249,20:37:33.308441,[ 5000,5000,5000,5000,5000 ]
1250,20:37:33.327444,[ 5000,5000,5000,5000,5000 ]
1251,20:37:33.342449,[ 5000,5000,5000,5000,5000 ]
1252,20:37:33.361453,[ 5000,5000,5000,5000,5000 ]
1253,20:37:33.375457,[ 5000,5000,5000,5000,5000 ]
1254,20:37:33.391459,[ 5000,5000,5000,5000,5000 ]
1255,20:37:33.405463,[ 5000,5000,5000,5000,5000 ]
1256,20:37:33.424471,[ 5000,5000,5000,5000,5000 ]
1257,20:37:33.438474,[ 5000,5000,5000,5000,5000 ]
1258,20:37:33.454477,[ 5000,5000,5000,5000,5000 ]
1259,20:37:33.472481,[ 5000,5000,5000,5000,5000 ]
1260,20:37:33.488485,[ 5000,5000,5000,5000,5000 ]
1261,20:37:33.502489,[ 5000,5000,5000,5000,5000 ]
1262,20:37:33.518492,[ 5000,5000,5000,5000,5000 ]
1263,20:37:33.532495,[ 5000,5000,5000,5000,5000 ]
1264,20:37:33.548498,[ 5000,5000,5000,5000,5000 ]
1265,20:37:33.567503,[ 5000,5000,5000,5000,5000 ]
1266,20:37:33.581506,[ 5000,5000,5000,5000,5000 ]
1267,20:37:33.597509,[ 5000,5000,5000,5000,5000 ]
1268,20:37:33.615513,[ 5000,5000,5000,5000,5000 ]
1269,20:37:33.631517,[ 5000,5000,5000,5000,5000 ]
1270,20:37:33.645521,[ 5000,5000,5000,5000,5000 ]
1271,20:37:33.661525,[ 5000,5000,5000,5000,5000 ]
1272,20:37:33.675528,[ 5000,5000,5000,5000,5000 ]
1273,20:37:33.691530,[ 5000,5000,5000,5000,5000 ]
1274,20:37:33.710535,[ 5000,5000,5000,5000,5000 ]
1275,20:37:33.726539,[ 5000,5000,5000,5000,5000 ]
1276,20:37:33.743542,[ 5000,5000,5000,5000,5000 ]
1277,20:37:33.757546,[ 5000,5000,5000,5000,5000 ]
1278,20:37:33.774550,[ 5000,5000,5000,5000,5000 ]
1279,20:37:33.788553,[ 5000,5000,5000,5000,5000 ]
1280,20:37:33.801556,[ 5000,5000,5000,5000,5000 ]
1281,20:37:33.815559,[ 5000,5000,5000,5000,5000 ]
1282,20:37:33.833564,[ 5000,5000,5000,5000,5000 ]
1283,20:37:33.847567,[ 5000,5000,5000,5000,5000 ]
1284,20:37:33.863571,[ 5000,5000,5000,5000,5000 ]
1285,20:37:33.878574,[ 5000,5000,5000,5000,5000 ]
1286,20:37:33.892576,[ 5000,5000,5000,5000,5000 ]
1287,20:37:33.908581,[ 5000,5000,5000,5000,5000 ]
1288,20:37:33.925584,[ 5000,5000,5000,5000,5000 ]
1289,20:37:33.942588,[ 5000,5000,5000,5000,5000 ]
1290,20:37:33.959592,[ 5000,5000,5000,5000,5000 ]
1291,20:37:33.975595,[ 5000,5000,5000,5000,5000 ]
1292,20:37:33.992598,[ 5000,5000,5000,5000,5000 ]
1293,20:37:34.008602,[ 5000,5000,5000,5000,5000 ]
1294,20:37:34.022607,[ 5000,5000,5000,5000,5000 ]
1295,20:37:34.038609,[ 5000,5000,5000,5000,5000 ]
1296,20:37:34.059613,[ 5000,5000,5000,5000,5000 ]
1297,20:37:34.079619,[ 5000,5000,5000,5000,5000 ]
1298,20:37:34.099623,[ 5000,5000,5000,5000,5000 ]
1299,20:37:34.118627,[ 5000,5000,5000,5000,5000 ]
1300,20:37:34.141633,[ 5000,5000,5000,5000,5000 ]
1301,20:37:34.162637,[ 5000,5000,5000,5000,5000 ]
1302,20:37:34.181642,[ 5000,5000,5000,5000,5000 ]
1303,20:37:34.195645,[ 5000,5000,5000,5000,5000 ]
1304,20:37:34.214649,[ 5000,5000,5000,5000,5000 ]
1305,20:37:34.227655,[ 5000,5000,5000,5000,5000 ]
1306,20:37:34.243659,[ 5000,5000,5000,5000,5000 ]
1307,20:37:34.257662,[ 5000,5000,5000,5000,5000 ]
1308,20:37:34.274666,[ 5000,5000,5000,5000,5000 ]
1309,20:37:34.288669,[ 5000,5000,5000,5000,5000 ]
1310,20:37:34.302672,[ 5000,5000,5000,5000,5000 ]
1311,20:37:34.317675,[ 5000,5000,5000,5000,5000 ]
1312,20:37:34.332678,[ 5000,5000,5000,1399,5000 ]
1313,20:37:34.348682,[ 5000,5000,5000,1399,5000 ]
1314,20:37:34.365686,[ 5000,5000,5000,1437,5000 ]
1315,20:37:34.381691,[ 5000,5000,5000,1437,5000 ]
1316,20:37:34.398695,[ 5000,5000,5000,1417,1906 ]
1317,20:37:34.416698,[ 5000,5000,5000,1406,1890 ]
1318,20:37:34.432701,[ 5000,5000,5000,1395,1881 ]
1319,20:37:34.449705,[ 5000,5000,5000,1392,1882 ]
1320,20:37:34.465708,[ 5000,5000,5000,1392,1882 ]
1321,20:37:34.481712,[ 5000,5000,5000,1394,5000 ]
1322,20:37:34.498716,[ 5000,5000,5000,5000,5000 ]
1323,20:37:34.515720,[ 5000,5000,5000,5000,5000 ]
1324,20:37:34.531723,[ 5000,5000,5000,5000,5000 ]
1325,20:37:34.544726,[ 5000,5000,5000,5000,5000 ]
1326,20:37:34.560730,[ 5000,5000,5000,5000,5000 ]
1327,20:37:34.574733,[ 5000,5000,5000,5000,5000 ]
1328,20:37:34.590737,[ 5000,5000,5000,5000,5000 ]
1329,20:37:34.604740,[ 5000,5000,5000,5000,5000 ]
1330,20:37:34.619744,[ 5000,5000,5000,5000,5000 ]
1331,20:37:34.633747,[ 5000,5000,5000,5000,5000 ]
1332,20:37:34.650751,[ 5000,5000,5000,5000,4349 ]
1333,20:37:34.664753,[ 5000,5000,5000,5000,4349 ]
1334,20:37:34.678756,[ 5000,5000,5000,4995,4369 ]
1335,20:37:34.691759,[ 5000,5000,5000,4995,4369 ]
1336,20:37:34.704763,[ 4723,4964,5000,4979,4378 ]
1337,20:37:34.721765,[ 4723,4964,5000,4979,4378 ]
1338,20:37:34.738771,[ 4727,4579,4630,4692,4381 ]
1339,20:37:34.755773,[ 4727,4579,4630,4692,4381 ]
1340,20:37:34.773777,[ 4734,4564,4271,4682,4153 ]
1341,20:37:34.790782,[ 4734,4564,4271,4682,4153 ]
1342,20:37:34.806784,[ 4767,4024,4260,4676,4148 ]
1343,20:37:34.822790,[ 4767,4024,4260,4676,4148 ]
1344,20:37:34.840792,[ 4799,4076,4249,4674,4131 ]
1345,20:37:34.855795,[ 4799,4076,4249,4674,4131 ]
1346,20:37:34.873800,[ 4831,4137,4238,4672,4117 ]
1347,20:37:34.889803,[ 4831,4137,4238,4672,4117 ]
1348,20:37:34.907808,[ 4862,4193,4227,4669,4103 ]
1349,20:37:34.923811,[ 4862,4193,4227,4669,4103 ]
1350,20:37:34.941815,[ 4686,3121,4214,4664,4090 ]
1351,20:37:34.956818,[ 4686,3121,4214,4664,4090 ]
1352,20:37:34.972822,[ 4686,3121,4214,4664,4090 ]
1353,20:37:34.988826,[ 4484,3143,4203,4484,4079 ]
1354,20:37:35.005831,[ 4484,3143,4203,4484,4079 ]
1355,20:37:35.025835,[ 4309,3206,4191,2999,4070 ]
1356,20:37:35.043840,[ 4309,3206,4191,2999,4070 ]
1357,20:37:35.062842,[ 4160,2864,4160,4160,4062 ]
1358,20:37:35.080846,[ 4027,2824,4027,4027,3490 ]
1359,20:37:35.095850,[ 4027,2824,4027,4027,3490 ]
1360,20:37:35.115855,[ 1261,3181,3906,3906,3479 ]
1361,20:37:35.132858,[ 1261,3181,3906,3906,3479 ]
1362,20:37:35.149862,[ 1265,3213,3801,3801,3467 ]
1363,20:37:35.165867,[ 1265,3213,3801,3801,3467 ]
1364,20:37:35.183870,[ 3701,3220,3701,3701,3454 ]
1365,20:37:35.198874,[ 3701,3220,3701,3701,3454 ]
1366,20:37:35.216877,[ 3614,3223,3614,3614,3440 ]
1367,20:37:35.231880,[ 3614,3223,3614,3614,3440 ]
1368,20:37:35.251885,[ 2228,3234,3530,3530,3426 ]
1369,20:37:35.269890,[ 2228,3234,3530,3530,3426 ]
1370,20:37:35.286893,[ 2229,3225,3454,3454,3410 ]
1371,20:37:35.301897,[ 2229,3225,3454,3454,3410 ]
1372,20:37:35.318902,[ 2246,3025,3384,3384,3384 ]
1373,20:37:35.335369,[ 2246,3025,3384,3384,3384 ]
1374,20:37:35.354373,[ 2253,3306,3321,3321,3321 ]
1375,20:37:35.368377,[ 2253,3306,3321,3321,3321 ]
1376,20:37:35.389380,[ 2260,3262,3262,3262,3262 ]
1377,20:37:35.406386,[ 2267,3194,3208,3208,3208 ]
1378,20:37:35.427390,[ 2267,3194,3208,3208,3208 ]
1379,20:37:35.448394,[ 2267,3194,3208,3208,3208 ]
1380,20:37:35.470398,[ 2276,3123,3137,3137,3137 ]
1381,20:37:35.490405,[ 2276,3123,3137,3137,3137 ]
1382,20:37:35.512409,[ 2284,3075,3075,3075,3075 ]
1383,20:37:35.532414,[ 2284,3075,3075,3075,3075 ]
1384,20:37:35.555419,[ 2292,3014,3014,3014,3014 ]
1385,20:37:35.573423,[ 2292,3014,3014,3014,3014 ]
1386,20:37:35.591427,[ 2299,2960,2960,2960,2960 ]
1387,20:37:35.609431,[ 2299,2960,2960,2960,2960 ]
1388,20:37:35.626435,[ 2305,2921,2921,2755,2921 ]
1389,20:37:35.642437,[ 2310,2886,2886,2739,2886 ]
1390,20:37:35.658442,[ 2310,2886,2886,2739,2886 ]
1391,20:37:35.675446,[ 1720,2851,2851,2530,2851 ]
1392,20:37:35.692450,[ 1720,2851,2851,2530,2851 ]
1393,20:37:35.711454,[ 1713,2818,2818,1694,2818 ]
1394,20:37:35.729458,[ 1713,2818,2818,1694,2818 ]
1395,20:37:35.747462,[ 1719,2785,2785,1678,2785 ]
1396,20:37:35.765466,[ 1719,2785,2785,1678,2785 ]
1397,20:37:35.782470,[ 1722,2754,2754,1671,2754 ]
1398,20:37:35.797473,[ 1722,2754,2754,1671,2754 ]
1399,20:37:35.815477,[ 1718,2722,2722,1668,2722 ]
1400,20:37:35.832482,[ 1718,2722,2722,1668,2722 ]
1401,20:37:35.850485,[ 1736,2694,2694,1669,2694 ]
1402,20:37:35.865488,[ 1740,2667,2667,1666,2667 ]
1403,20:37:35.881493,[ 1740,2667,2667,1666,2667 ]
1404,20:37:35.899497,[ 1744,2640,2640,1661,1689 ]
1405,20:37:35.918503,[ 1744,2640,2640,1661,1689 ]
1406,20:37:35.937505,[ 1748,2614,2614,1657,1670 ]
1407,20:37:35.951508,[ 1748,2614,2614,1657,1670 ]
1408,20:37:35.971513,[ 1751,2588,2588,1652,1505 ]
1409,20:37:35.985516,[ 1751,2588,2588,1652,1505 ]
1410,20:37:36.002520,[ 1755,2564,2564,1648,1501 ]
1411,20:37:36.018523,[ 1755,2564,2564,1648,1501 ]
1412,20:37:36.033526,[ 1627,2537,2537,1642,1499 ]
1413,20:37:36.052531,[ 1627,2537,2537,1642,1499 ]
1414,20:37:36.071535,[ 1581,2511,2511,1638,1498 ]
1415,20:37:36.089539,[ 1581,2511,2511,1638,1498 ]
1416,20:37:36.105543,[ 1556,2488,2488,1633,1502 ]
1417,20:37:36.122547,[ 1556,2488,2488,1633,1502 ]
1418,20:37:36.139551,[ 1540,2465,2465,1629,726 ]
1419,20:37:36.155554,[ 1540,2465,2465,1629,726 ]
1420,20:37:36.172558,[ 1696,2441,2441,1624,700 ]
1421,20:37:36.189563,[ 1696,2441,2441,1624,700 ]
1422,20:37:36.206566,[ 1708,2419,2419,1620,697 ]
1423,20:37:36.222569,[ 1708,2419,2419,1620,697 ]
1424,20:37:36.238574,[ 1712,2397,2397,1616,1492 ]
1425,20:37:36.256577,[ 1715,2378,2378,1612,1490 ]
1426,20:37:36.272581,[ 1715,2378,2378,1612,1490 ]
1427,20:37:36.290584,[ 1718,2358,2358,1608,1487 ]
1428,20:37:36.305588,[ 1718,2358,2358,1608,1487 ]
1429,20:37:36.322592,[ 1722,2338,2338,1604,1485 ]
1430,20:37:36.338599,[ 1722,2338,2338,1604,1485 ]
1431,20:37:36.358604,[ 1793,2318,2318,1600,1483 ]
1432,20:37:36.375608,[ 1793,2318,2318,1600,1483 ]
1433,20:37:36.392612,[ 1796,2300,2300,1596,1480 ]
1434,20:37:36.408615,[ 1799,2281,2281,1385,1478 ]
1435,20:37:36.425620,[ 1799,2281,2281,1385,1478 ]
1436,20:37:36.442623,[ 1803,2262,2262,1359,1476 ]
1437,20:37:36.458626,[ 1803,2262,2262,1359,1476 ]
1438,20:37:36.475630,[ 1805,2244,2244,1338,1474 ]
1439,20:37:36.491634,[ 1805,2244,2244,1338,1474 ]
1440,20:37:36.506637,[ 1801,2212,2212,1309,1472 ]
1441,20:37:36.522640,[ 1801,2212,2212,1309,1472 ]
1442,20:37:36.539645,[ 2204,2168,2168,1274,1471 ]
1443,20:37:36.554648,[ 2204,2168,2168,1274,1471 ]
1444,20:37:36.574652,[ 2149,2113,2113,1255,1470 ]
1445,20:37:36.592657,[ 2098,2063,2063,1563,1469 ]
1446,20:37:36.608660,[ 2098,2063,2063,1563,1469 ]
1447,20:37:36.626665,[ 2049,1649,2014,1557,1462 ]
1448,20:37:36.645669,[ 2049,1649,2014,1557,1462 ]
1449,20:37:36.663672,[ 2003,1635,1969,2003,1458 ]
1450,20:37:36.679677,[ 2003,1635,1969,2003,1458 ]
1451,20:37:36.696680,[ 1959,1620,1561,1959,1465 ]
1452,20:37:36.712684,[ 1959,1620,1561,1959,1465 ]
1453,20:37:36.733689,[ 1916,1604,1546,1916,960 ]
1454,20:37:36.749692,[ 1916,1604,1546,1916,960 ]
1455,20:37:36.774698,[ 1844,1588,1532,1877,959 ]
1456,20:37:36.795702,[ 1844,1588,1532,1877,959 ]
1457,20:37:36.819707,[ 1803,1570,1515,1836,960 ]
1458,20:37:36.839712,[ 1764,1550,1499,1796,953 ]
1459,20:37:36.864718,[ 1764,1550,1499,1796,953 ]
1460,20:37:36.889723,[ 1728,1530,1484,1759,945 ]
1461,20:37:36.905728,[ 1728,1530,1484,1759,945 ]
1462,20:37:36.922730,[ 1692,1508,1468,1723,935 ]
1463,20:37:36.938735,[ 1664,1491,1456,1695,927 ]
1464,20:37:36.955739,[ 1664,1491,1456,1695,927 ]
1465,20:37:36.973743,[ 1637,1474,1444,1668,920 ]
1466,20:37:36.988747,[ 1637,1474,1444,1668,920 ]
1467,20:37:37.006751,[ 1610,1458,1431,1408,913 ]
1468,20:37:37.021754,[ 1610,1458,1431,1408,913 ]
1469,20:37:37.039757,[ 1583,1441,1418,1387,905 ]
1470,20:37:37.055761,[ 1583,1441,1418,1387,905 ]
1471,20:37:37.074766,[ 1558,1424,1405,1369,897 ]
1472,20:37:37.091770,[ 1534,1407,1393,1351,888 ]
1473,20:37:37.108774,[ 1534,1407,1393,1351,888 ]
1474,20:37:37.126780,[ 1510,1390,1382,1329,879 ]
1475,20:37:37.141784,[ 1510,1390,1382,1329,879 ]
1476,20:37:37.160788,[ 1485,1372,1370,1299,867 ]
1477,20:37:37.174790,[ 1485,1372,1370,1299,867 ]
1478,20:37:37.192795,[ 1460,1353,1359,1267,855 ]
1479,20:37:37.208799,[ 1460,1353,1359,1267,855 ]
1480,20:37:37.226803,[ 1435,1334,1347,1236,713 ]
1481,20:37:37.241806,[ 1435,1334,1347,1236,713 ]
1482,20:37:37.259810,[ 1410,1316,1335,1123,690 ]
1483,20:37:37.274814,[ 1410,1316,1335,1123,690 ]
1484,20:37:37.293818,[ 1385,1299,1322,1183,666 ]
1485,20:37:37.308821,[ 1385,1299,1322,1183,666 ]
1486,20:37:37.325825,[ 1362,1282,1311,1069,643 ]
1487,20:37:37.341829,[ 1362,1282,1311,1069,643 ]
1488,20:37:37.359832,[ 1338,1266,1299,1047,621 ]
1489,20:37:37.379837,[ 1338,1266,1299,1047,621 ]
1490,20:37:37.397841,[ 1317,1251,1288,1028,612 ]
1491,20:37:37.415845,[ 1296,1236,1276,1009,604 ]
1492,20:37:37.431850,[ 1296,1236,1276,1009,604 ]
1493,20:37:37.448853,[ 1274,1221,1265,990,711 ]
1494,20:37:37.464855,[ 1274,1221,1265,990,711 ]
1495,20:37:37.482861,[ 1253,1206,1253,973,709 ]
1496,20:37:37.497863,[ 1253,1206,1253,973,709 ]
1497,20:37:37.514868,[ 1231,1191,1231,958,701 ]
1498,20:37:37.527870,[ 1231,1191,1231,958,701 ]
1499,20:37:37.545875,[ 1210,1177,1210,942,693 ]
1500,20:37:37.561878,[ 1210,1177,1210,942,693 ]
1501,20:37:37.576881,[ 1188,1161,1188,927,686 ]
1502,20:37:37.590885,[ 1188,1161,1188,927,686 ]
1503,20:37:37.604889,[ 1168,1147,1168,913,678 ]
1504,20:37:37.621892,[ 1168,1147,1168,913,678 ]
1505,20:37:37.634896,[ 1147,1132,1147,899,671 ]
1506,20:37:37.651899,[ 1147,1132,1147,899,671 ]
1507,20:37:37.669903,[ 1127,1118,1127,886,664 ]
1508,20:37:37.684906,[ 1127,1118,1127,886,664 ]
1509,20:37:37.702911,[ 1106,1103,1106,872,657 ]
1510,20:37:37.719914,[ 1106,1103,1106,872,657 ]
1511,20:37:37.736918,[ 1084,1084,1084,858,650 ]
1512,20:37:37.754923,[ 1084,1084,1084,858,650 ]
1513,20:37:37.771925,[ 1064,1064,1064,845,642 ]
1514,20:37:37.788930,[ 1064,1064,1064,845,642 ]
1515,20:37:37.810934,[ 1043,1043,1043,832,635 ]
1516,20:37:37.824938,[ 1043,1043,1043,832,635 ]
1517,20:37:37.844943,[ 1022,1022,1022,819,628 ]
1518,20:37:37.861946,[ 1022,1022,1022,819,628 ]
1519,20:37:37.878949,[ 1003,1003,1003,807,621 ]
1520,20:37:37.894953,[ 1003,1003,1003,807,621 ]
1521,20:37:37.911958,[ 983,983,983,795,615 ]
1522,20:37:37.928964,[ 964,964,964,783,608 ]
1523,20:37:37.944967,[ 964,964,964,783,608 ]
1524,20:37:37.963972,[ 947,947,947,773,602 ]
1525,20:37:37.977974,[ 947,947,947,773,602 ]
1526,20:37:37.995977,[ 928,928,928,762,595 ]
1527,20:37:38.011982,[ 928,928,928,762,595 ]
1528,20:37:38.026986,[ 910,910,910,750,586 ]
1529,20:37:38.040989,[ 910,910,910,750,586 ]
1530,20:37:38.055992,[ 893,893,893,741,636 ]
1531,20:37:38.070996,[ 893,893,893,741,636 ]
1532,20:37:38.084998,[ 876,876,876,837,630 ]
1533,20:37:38.101002,[ 876,876,876,837,630 ]
1534,20:37:38.116005,[ 859,859,859,827,576 ]
1535,20:37:38.131009,[ 859,859,859,827,576 ]
1536,20:37:38.151014,[ 841,841,841,818,445 ]
1537,20:37:38.170017,[ 841,841,841,818,445 ]
1538,20:37:38.191022,[ 819,819,819,806,604 ]
1539,20:37:38.211027,[ 819,819,819,806,604 ]
1540,20:37:38.230030,[ 797,797,797,794,536 ]
1541,20:37:38.250036,[ 797,797,797,794,536 ]
1542,20:37:38.276042,[ 775,775,775,775,525 ]
1543,20:37:38.295045,[ 775,775,775,775,525 ]
1544,20:37:38.315051,[ 759,759,759,759,515 ]
1545,20:37:38.333055,[ 749,749,749,749,507 ]
1546,20:37:38.348058,[ 749,749,749,749,507 ]
1547,20:37:38.362061,[ 749,749,749,749,507 ]
1548,20:37:38.379065,[ 739,739,739,739,499 ]
1549,20:37:38.395069,[ 739,739,739,739,499 ]
1550,20:37:38.412073,[ 728,728,728,728,491 ]
1551,20:37:38.429076,[ 728,728,728,728,491 ]
1552,20:37:38.445080,[ 717,717,717,717,483 ]
1553,20:37:38.462083,[ 717,717,717,717,483 ]
1554,20:37:38.478088,[ 710,710,710,492,475 ]
1555,20:37:38.495092,[ 702,702,702,479,467 ]
1556,20:37:38.512096,[ 702,702,702,479,467 ]
1557,20:37:38.529099,[ 693,693,693,688,460 ]
1558,20:37:38.546103,[ 693,693,693,688,460 ]
1559,20:37:38.564114,[ 688,688,688,675,452 ]
1560,20:37:38.582110,[ 688,688,688,675,452 ]
1561,20:37:38.602116,[ 686,683,686,665,445 ]
1562,20:37:38.619118,[ 686,667,686,716,437 ]
1563,20:37:38.639126,[ 686,667,686,716,437 ]
1564,20:37:38.656128,[ 690,651,690,720,430 ]
1565,20:37:38.672131,[ 690,651,690,720,430 ]
1566,20:37:38.691136,[ 688,634,696,727,423 ]
1567,20:37:38.710140,[ 688,634,696,727,423 ]
1568,20:37:38.726147,[ 669,617,707,739,415 ]
1569,20:37:38.743152,[ 651,600,721,754,408 ]
1570,20:37:38.759155,[ 651,600,721,754,408 ]
1571,20:37:38.777160,[ 633,584,735,769,401 ]
1572,20:37:38.795163,[ 633,584,735,769,401 ]
1573,20:37:38.815168,[ 616,568,748,784,394 ]
1574,20:37:38.833172,[ 599,553,761,798,390 ]
1575,20:37:38.852176,[ 599,553,761,798,390 ]
1576,20:37:38.870180,[ 581,537,774,812,441 ]
1577,20:37:38.886183,[ 581,537,774,812,441 ]
1578,20:37:38.903187,[ 562,520,787,826,380 ]
1579,20:37:38.920191,[ 562,520,787,826,380 ]
1580,20:37:38.937195,[ 542,504,799,840,421 ]
1581,20:37:38.953199,[ 542,504,799,840,421 ]
1582,20:37:38.970203,[ 523,488,810,852,411 ]
1583,20:37:38.988209,[ 523,488,810,852,411 ]
1584,20:37:39.008212,[ 505,473,820,863,401 ]
1585,20:37:39.025653,[ 505,473,820,863,401 ]
1586,20:37:39.042657,[ 486,458,829,873,234 ]
1587,20:37:39.058660,[ 469,443,825,881,218 ]
1588,20:37:39.074664,[ 469,443,825,881,218 ]
1589,20:37:39.092669,[ 452,430,786,888,369 ]
1590,20:37:39.108670,[ 452,430,786,888,369 ]
1591,20:37:39.127676,[ 435,416,732,893,358 ]
1592,20:37:39.145680,[ 435,416,732,893,358 ]
1593,20:37:39.166684,[ 416,400,700,897,346 ]
1594,20:37:39.181689,[ 416,400,700,897,346 ]
1595,20:37:39.200692,[ 398,385,692,899,334 ]
1596,20:37:39.217697,[ 398,385,692,899,334 ]
1597,20:37:39.232700,[ 382,365,899,882,323 ]
1598,20:37:39.249703,[ 382,365,899,882,323 ]
1599,20:37:39.266708,[ 367,847,898,861,312 ]
1600,20:37:39.281711,[ 367,847,898,861,312 ]
1601,20:37:39.300714,[ 352,843,895,843,302 ]
1602,20:37:39.314718,[ 352,843,895,843,302 ]
1603,20:37:39.334723,[ 338,821,890,838,291 ]
1604,20:37:39.352727,[ 324,814,885,832,281 ]
1605,20:37:39.367730,[ 324,814,885,832,281 ]
1606,20:37:39.385735,[ 311,807,878,824,271 ]
1607,20:37:39.402737,[ 311,807,878,824,271 ]
1608,20:37:39.419743,[ 297,815,869,815,260 ]
1609,20:37:39.439746,[ 297,815,869,815,260 ]
1610,20:37:39.456750,[ 283,805,859,805,249 ]
1611,20:37:39.472754,[ 283,805,859,805,249 ]
1612,20:37:39.488757,[ 273,793,847,793,238 ]
1613,20:37:39.510762,[ 265,803,858,803,235 ]
1614,20:37:39.537769,[ 265,800,875,769,819 ]
1615,20:37:39.559773,[ 265,800,875,769,819 ]
1616,20:37:39.580779,[ 244,815,872,745,815 ]
1617,20:37:39.597782,[ 244,815,872,745,815 ]
1618,20:37:39.617786,[ 220,822,881,822,822 ]
1619,20:37:39.635790,[ 220,822,881,822,822 ]
1620,20:37:39.651793,[ 838,589,900,838,838 ]
1621,20:37:39.668798,[ 838,589,900,838,838 ]
1622,20:37:39.686803,[ 889,597,953,708,808 ]
1623,20:37:39.701805,[ 889,597,953,708,808 ]
1624,20:37:39.721810,[ 210,941,1009,726,872 ]
1625,20:37:39.739814,[ 953,608,1023,702,801 ]
1626,20:37:39.759817,[ 953,608,1023,702,801 ]
1627,20:37:39.775822,[ 976,607,1048,683,786 ]
1628,20:37:39.791826,[ 976,607,1048,683,786 ]
1629,20:37:39.809830,[ 1011,606,1021,665,773 ]
1630,20:37:39.824663,[ 1011,606,1021,665,773 ]
1631,20:37:39.843666,[ 1046,542,986,648,619 ]
1632,20:37:39.857669,[ 1046,542,986,648,619 ]
1633,20:37:39.872673,[ 1081,775,953,632,746 ]
1634,20:37:39.887675,[ 1081,775,953,632,746 ]
1635,20:37:39.907682,[ 1133,506,915,616,733 ]
1636,20:37:39.927686,[ 1170,663,894,607,725 ]
1637,20:37:39.943689,[ 1213,625,880,598,718 ]
1638,20:37:39.960693,[ 1271,584,866,589,709 ]
1639,20:37:39.976697,[ 1337,547,855,580,701 ]
1640,20:37:39.992700,[ 1427,509,839,571,693 ]
1641,20:37:40.009703,[ 1531,475,823,562,684 ]
1642,20:37:40.026217,[ 1666,439,807,553,676 ]
1643,20:37:40.046222,[ 1828,406,791,544,667 ]
1644,20:37:40.064226,[ 1906,372,774,535,658 ]
1645,20:37:40.078229,[ 1906,372,774,535,658 ]
1646,20:37:40.099234,[ 421,337,756,525,649 ]
1647,20:37:40.116238,[ 1887,281,739,516,532 ]
1648,20:37:40.132242,[ 1877,267,722,506,524 ]
1649,20:37:40.150246,[ 674,258,705,497,518 ]
1650,20:37:40.166249,[ 1860,254,688,488,511 ]
1651,20:37:40.183253,[ 957,1444,671,479,505 ]
1652,20:37:40.199257,[ 1843,1395,656,470,499 ]
1653,20:37:40.215260,[ 1245,1349,643,462,494 ]
1654,20:37:40.233264,[ 1830,1308,629,454,489 ]
1655,20:37:40.250267,[ 1824,1269,617,446,484 ]
1656,20:37:40.265271,[ 1824,1269,617,446,484 ]
1657,20:37:40.283275,[ 350,1203,594,431,2388 ]
1658,20:37:40.298279,[ 350,1203,594,431,2388 ]
1659,20:37:40.315283,[ 640,1143,573,417,2378 ]
1660,20:37:40.332286,[ 640,1143,573,417,2378 ]
1661,20:37:40.351291,[ 183,1087,553,404,2369 ]
1662,20:37:40.364294,[ 183,1087,553,404,2369 ]
1663,20:37:40.384299,[ 167,1018,534,391,2363 ]
1664,20:37:40.399301,[ 167,1018,534,391,2363 ]
1665,20:37:40.417305,[ 551,1001,517,380,2357 ]
1666,20:37:40.432308,[ 945,968,502,370,2346 ]
1667,20:37:40.447312,[ 945,968,502,370,2346 ]
1668,20:37:40.461317,[ 5000,923,487,362,5000 ]
1669,20:37:40.477319,[ 5000,923,487,362,5000 ]
1670,20:37:40.491323,[ 5000,923,487,362,5000 ]
1671,20:37:40.507326,[ 5000,899,473,356,5000 ]
1672,20:37:40.522330,[ 5000,899,473,356,5000 ]
1673,20:37:40.541334,[ 5000,5000,460,345,5000 ]
1674,20:37:40.559337,[ 5000,5000,448,335,5000 ]
1675,20:37:40.575342,[ 5000,5000,448,335,5000 ]
1676,20:37:40.593344,[ 5000,5000,436,325,5000 ]
1677,20:37:40.612350,[ 5000,5000,436,325,5000 ]
1678,20:37:40.630354,[ 5000,5000,426,316,5000 ]
1679,20:37:40.646357,[ 5000,5000,426,316,5000 ]
1680,20:37:40.663361,[ 5000,5000,416,307,5000 ]
1681,20:37:40.682365,[ 5000,5000,411,302,5000 ]
1682,20:37:40.700369,[ 5000,1270,379,287,5000 ]
1683,20:37:40.716373,[ 3691,5000,356,278,5000 ]
1684,20:37:40.732377,[ 3691,5000,356,278,5000 ]
1685,20:37:40.748381,[ 5000,5000,337,270,5000 ]
1686,20:37:40.765384,[ 5000,5000,337,270,5000 ]
1687,20:37:40.783388,[ 5000,503,322,254,5000 ]
1688,20:37:40.799391,[ 5000,503,322,254,5000 ]
1689,20:37:40.814396,[ 5000,475,314,249,5000 ]
1690,20:37:40.833404,[ 5000,467,304,240,5000 ]
1691,20:37:40.847406,[ 5000,467,304,240,5000 ]
1692,20:37:40.869411,[ 5000,443,296,237,5000 ]
1693,20:37:40.896419,[ 5000,426,290,240,5000 ]
1694,20:37:40.915422,[ 5000,426,290,240,5000 ]
1695,20:37:40.937427,[ 5000,413,286,5000,5000 ]
1696,20:37:40.958432,[ 5000,413,286,5000,5000 ]
1697,20:37:40.983437,[ 5000,403,282,5000,5000 ]
1698,20:37:41.003442,[ 5000,403,282,5000,5000 ]
1699,20:37:41.023448,[ 5000,387,266,215,5000 ]
1700,20:37:41.038450,[ 5000,387,266,215,5000 ]
1701,20:37:41.056455,[ 5000,376,255,204,5000 ]
1702,20:37:41.071457,[ 5000,376,255,204,5000 ]
1703,20:37:41.090462,[ 5000,366,244,202,5000 ]
1704,20:37:41.105465,[ 5000,366,244,202,5000 ]
1705,20:37:41.123469,[ 5000,358,233,192,5000 ]
1706,20:37:41.138897,[ 5000,358,233,192,5000 ]
1707,20:37:41.158902,[ 5000,351,224,182,5000 ]
1708,20:37:41.174905,[ 5000,5000,215,173,159 ]
1709,20:37:41.191909,[ 5000,5000,215,173,159 ]
1710,20:37:41.208914,[ 5000,5000,206,164,146 ]
1711,20:37:41.224917,[ 5000,5000,206,164,146 ]
1712,20:37:41.241920,[ 5000,5000,197,155,141 ]
1713,20:37:41.259925,[ 5000,5000,187,146,137 ]
1714,20:37:41.274928,[ 5000,5000,187,146,137 ]
1715,20:37:41.292931,[ 2175,5000,178,138,128 ]
1716,20:37:41.308936,[ 2175,5000,178,138,128 ]
1717,20:37:41.327145,[ 5000,5000,169,129,118 ]
1718,20:37:41.345151,[ 5000,5000,161,121,110 ]
1719,20:37:41.362154,[ 5000,5000,161,121,110 ]
1720,20:37:41.380158,[ 5000,5000,152,112,102 ]
1721,20:37:41.394161,[ 5000,5000,152,112,102 ]
1722,20:37:41.410166,[ 5000,5000,143,104,93 ]
1723,20:37:41.425168,[ 5000,5000,143,104,93 ]
1724,20:37:41.444173,[ 5000,1048,135,97,86 ]
1725,20:37:41.462177,[ 5000,305,130,93,82 ]
1726,20:37:41.480180,[ 5000,5000,145,99,85 ]
1727,20:37:41.496184,[ 5000,5000,166,109,91 ]
1728,20:37:41.515189,[ 5000,5000,189,121,97 ]
1729,20:37:41.532192,[ 5000,5000,187,118,94 ]
1730,20:37:41.549197,[ 5000,2052,231,134,103 ]
1731,20:37:41.566200,[ 5000,2052,231,134,103 ]
1732,20:37:41.584204,[ 5000,5000,279,154,113 ]
1733,20:37:41.602209,[ 5000,5000,380,174,123 ]
1734,20:37:41.623213,[ 433,5000,5000,225,145 ]
1735,20:37:41.643217,[ 424,5000,5000,230,146 ]
1736,20:37:41.659221,[ 389,4582,5000,248,159 ]
1737,20:37:41.677225,[ 383,4593,5000,248,161 ]
1738,20:37:41.692229,[ 383,4593,5000,248,161 ]
1739,20:37:41.715234,[ 378,4682,5000,287,166 ]
1740,20:37:41.732238,[ 367,5000,5000,304,171 ]
1741,20:37:41.749241,[ 367,5000,5000,304,171 ]
1742,20:37:41.766246,[ 355,638,4504,325,177 ]
1743,20:37:41.782249,[ 355,638,4504,325,177 ]
1744,20:37:41.800253,[ 344,613,4445,348,184 ]
1745,20:37:41.815257,[ 344,613,4445,348,184 ]
1746,20:37:41.835261,[ 335,594,4449,370,182 ]
1747,20:37:41.853265,[ 328,572,4010,389,181 ]
1748,20:37:41.868269,[ 328,572,4010,389,181 ]
1749,20:37:41.887273,[ 321,552,3999,408,201 ]
